0.000395698
0.000791239
0.00118672
0.00158213
0.00197749
0.00237278
0.00276801
0.00316318
0.00355829
0.00395334
0.00434832
0.00474324
0.0051381
0.0055329
0.00592764
0.00632232
0.00671693
0.00711148
0.00750597
0.0079004
0.00829477
0.00868908
0.00908332
0.0094775
0.00987163
0.0102657
0.0106597
0.0110536
0.0114475
0.0118413
0.0122351
0.0126288
0.0130224
0.013416
0.0138095
0.0142029
0.0145963
0.0149896
0.0153829
0.0157761
0.0161692
0.0165623
0.0169553
0.0173483
0.0177412
0.018134
0.0185268
0.0189195
0.0193122
0.0197048
0.0200973
0.0204898
0.0208822
0.0212745
0.0216668
0.022059
0.0224512
0.0228433
0.0232354
0.0236274
0.0240193
0.0244111
0.024803
0.0251947
0.0255864
0.025978
0.0263696
0.0267611
0.0271525
0.0275439
0.0279352
0.0283265
0.0287177
0.0291088
0.0294999
0.0298909
0.0302819
0.0306728
0.0310636
0.0314544
0.0318451
0.0322358
0.0326264
0.033017
0.0334074
0.0337979
0.0341882
0.0345785
0.0349688
0.035359
0.0357491
0.0361392
0.0365292
0.0369191
0.037309
0.0376988
0.0380886
0.0384783
0.038868
0.0392575
0.0396471
0.0400366
0.040426
0.0408153
0.0412046
0.0415939
0.041983
0.0423722
0.0427612
0.0431502
0.0435392
0.043928
0.0443169
0.0447056
0.0450943
0.045483
0.0458716
0.0462601
0.0466486
0.047037
0.0474254
0.0478137
0.0482019
0.0485901
0.0489782
0.0493663
0.0497543
0.0501422
0.0505301
0.050918
0.0513057
0.0516935
0.0520811
0.0524687
0.0528563
0.0532438
0.0536312
0.0540186
0.0544059
0.0547931
0.0551803
0.0555675
0.0559546
0.0563416
0.0567285
0.0571155
0.0575023
0.0578891
0.0582759
0.0586625
0.0590492
0.0594357
0.0598222
0.0602087
0.0605951
0.0609814
0.0613677
0.0617539
0.0621401
0.0625262
0.0629123
0.0632983
0.0636842
0.0640701
0.064456
0.0648417
0.0652274
0.0656131
0.0659987
0.0663843
0.0667698
0.0671552
0.0675406
0.0679259
0.0683112
0.0686964
0.0690815
0.0694666
0.0698517
0.0702367
0.0706216
0.0710065
0.0713913
0.0717761
0.0721608
0.0725455
0.0729301
0.0733146
0.0736991
0.0740835
0.0744679
0.0748522
0.0752365
0.0756207
0.0760049
0.076389
0.0767731
0.0771571
0.077541
0.0779249
0.0783087
0.0786925
0.0790762
0.0794599
0.0798435
0.0802271
0.0806106
0.080994
0.0813774
0.0817608
0.0821441
0.0825273
0.0829105
0.0832936
0.0836767
0.0840597
0.0844427
0.0848256
0.0852084
0.0855912
0.085974
0.0863567
0.0867393
0.0871219
0.0875045
0.0878869
0.0882694
0.0886518
0.0890341
0.0894164
0.0897986
0.0901807
0.0905629
0.0909449
0.0913269
0.0917089
0.0920908
0.0924726
0.0928544
0.0932362
0.0936179
0.0939995
0.0943811
0.0947626
0.0951441
0.0955256
0.0959069
0.0962883
0.0966695
0.0970508
0.0974319
0.0978131
0.0981941
0.0985752
0.0989561
0.099337
0.0997179
0.100099
0.100479
0.10086
0.101241
0.101621
0.102002
0.102383
0.102763
0.103143
0.103524
0.103904
0.104284
0.104664
0.105045
0.105425
0.105805
0.106185
0.106565
0.106945
0.107324
0.107704
0.108084
0.108464
0.108843
0.109223
0.109603
0.109982
0.110361
0.110741
0.11112
0.1115
0.111879
0.112258
0.112637
0.113016
0.113395
0.113774
0.114153
0.114532
0.114911
0.11529
0.115669
0.116047
0.116426
0.116805
0.117183
0.117562
0.11794
0.118319
0.118697
0.119075
0.119454
0.119832
0.12021
0.120588
0.120966
0.121344
0.121722
0.1221
0.122478
0.122856
0.123234
0.123612
0.123989
0.124367
0.124745
0.125122
0.1255
0.125877
0.126255
0.126632
0.127009
0.127387
0.127764
0.128141
0.128518
0.128895
0.129272
0.129649
0.130026
0.130403
0.13078
0.131157
0.131534
0.13191
0.132287
0.132664
0.13304
0.133417
0.133793
0.13417
0.134546
0.134923
0.135299
0.135675
0.136051
0.136428
0.136804
0.13718
0.137556
0.137932
0.138308
0.138684
0.13906
0.139436
0.139811
0.140187
0.140563
0.140939
0.141314
0.14169
0.142065
0.142441
0.142816
0.143192
0.143567
0.143942
0.144318
0.144693
0.145068
0.145443
0.145818
0.146193
0.146568
0.146943
0.147318
0.147693
0.148068
0.148443
0.148817
0.149192
0.149567
0.149941
0.150316
0.150691
0.151065
0.15144
0.151814
0.152188
0.152563
0.152937
0.153311
0.153685
0.15406
0.154434
0.154808
0.155182
0.155556
0.15593
0.156304
0.156678
0.157052
0.157425
0.157799
0.158173
0.158547
0.15892
0.159294
0.159667
0.160041
0.160414
0.160788
0.161161
0.161535
0.161908
0.162281
0.162655
0.163028
0.163401
0.163774
0.164147
0.16452
0.164893
0.165266
0.165639
0.166012
0.166385
0.166758
0.167131
0.167503
0.167876
0.168249
0.168621
0.168994
0.169367
0.169739
0.170112
0.170484
0.170856
0.171229
0.171601
0.171973
0.172346
0.172718
0.17309
0.173462
0.173834
0.174206
0.174578
0.17495
0.175322
0.175694
0.176066
0.176438
0.17681
0.177182
0.177553
0.177925
0.178297
0.178669
0.17904
0.179412
0.179783
0.180155
0.180526
0.180898
0.181269
0.18164
0.182012
0.182383
0.182754
0.183126
0.183497
0.183868
0.184239
0.18461
0.184981
0.185352
0.185723
0.186094
0.186465
0.186836
0.187207
0.187578
0.187948
0.188319
0.18869
0.189061
0.189431
0.189802
0.190172
0.190543
0.190914
0.191284
0.191654
0.192025
0.192395
0.192766
0.193136
0.193506
0.193877
0.194247
0.194617
0.194987
0.195357
0.195727
0.196098
0.196468
0.196838
0.197208
0.197578
0.197947
0.198317
0.198687
0.199057
0.199427
0.199797
0.200166
0.200536
0.200906
0.201275
0.201645
0.202015
0.202384
0.202754
0.203123
0.203493
0.203862
0.204232
0.204601
0.20497
0.20534
0.205709
0.206078
0.206447
0.206817
0.207186
0.207555
0.207924
0.208293
0.208662
0.209031
0.2094
0.209769
0.210138
0.210507
0.210876
0.211245
0.211614
0.211983
0.212352
0.21272
0.213089
0.213458
0.213827
0.214195
0.214564
0.214932
0.215301
0.21567
0.216038
0.216407
0.216775
0.217144
0.217512
0.21788
0.218249
0.218617
0.218986
0.219354
0.219722
0.22009
0.220459
0.220827
0.221195
0.221563
0.221931
0.222299
0.222668
0.223036
0.223404
0.223772
0.22414
0.224508
0.224876
0.225244
0.225611
0.225979
0.226347
0.226715
0.227083
0.227451
0.227818
0.228186
0.228554
0.228921
0.229289
0.229657
0.230024
0.230392
0.23076
0.231127
0.231495
0.231862
0.23223
0.232597
0.232965
0.233332
0.2337
0.234067
0.234434
0.234802
0.235169
0.235536
0.235904
0.236271
0.236638
0.237005
0.237373
0.23774
0.238107
0.238474
0.238841
0.239208
0.239575
0.239943
0.24031
0.240677
0.241044
0.241411
0.241778
0.242145
0.242512
0.242878
0.243245
0.243612
0.243979
0.244346
0.244713
0.24508
0.245446
0.245813
0.24618
0.246547
0.246913
0.24728
0.247647
0.248014
0.24838
0.248747
0.249114
0.24948
0.249847
0.250213
0.25058
0.250946
0.251313
0.25168
0.252046
0.252413
0.252779
0.253146
0.253512
0.253878
0.254245
0.254611
0.254978
0.255344
0.25571
0.256077
0.256443
0.256809
0.257176
0.257542
0.257908
0.258274
0.258641
0.259007
0.259373
0.259739
0.260106
0.260472
0.260838
0.261204
0.26157
0.261936
0.262303
0.262669
0.263035
0.263401
0.263767
0.264133
0.264499
0.264865
0.265231
0.265597
0.265963
0.266329
0.266695
0.267061
0.267427
0.267793
0.268159
0.268525
0.268891
0.269257
0.269623
0.269989
0.270354
0.27072
0.271086
0.271452
0.271818
0.272184
0.27255
0.272915
0.273281
0.273647
0.274013
0.274379
0.274744
0.27511
0.275476
0.275842
0.276207
0.276573
0.276939
0.277305
0.27767
0.278036
0.278402
0.278768
0.279133
0.279499
0.279865
0.28023
0.280596
0.280962
0.281327
0.281693
0.282059
0.282424
0.28279
0.283156
0.283521
0.283887
0.284252
0.284618
0.284984
0.285349
0.285715
0.28608
0.286446
0.286812
0.287177
0.287543
0.287908
0.288274
0.288639
0.289005
0.289371
0.289736
0.290102
0.290467
0.290833
0.291198
0.291564
0.291929
0.292295
0.292661
0.293026
0.293392
0.293757
0.294123
0.294488
0.294854
0.295219
0.295585
0.29595
0.296316
0.296681
0.297047
0.297412
0.297778
0.298144
0.298509
0.298875
0.29924
0.299606
0.299971
0.300337
0.300702
0.301068
0.301433
0.301799
0.302164
0.30253
0.302895
0.303261
0.303627
0.303992
0.304358
0.304723
0.305089
0.305454
0.30582
0.306185
0.306551
0.306916
0.307282
0.307647
0.308013
0.308378
0.308744
0.309109
0.309475
0.309841
0.310206
0.310572
0.310937
0.311303
0.311668
0.312034
0.312399
0.312765
0.31313
0.313496
0.313861
0.314227
0.314592
0.314958
0.315323
0.315689
0.316055
0.31642
0.316786
0.317151
0.317517
0.317882
0.318248
0.318613
0.318979
0.319344
0.31971
0.320075
0.320441
0.320806
0.321172
0.321537
0.321903
0.322269
0.322634
0.323
0.323365
0.323731
0.324096
0.324462
0.324827
0.325193
0.325558
0.325924
0.326289
0.326655
0.32702
0.327386
0.327751
0.328117
0.328483
0.328848
0.329214
0.329579
0.329945
0.33031
0.330676
0.331041
0.331407
0.331772
0.332138
0.332503
0.332869
0.333234
0.3336
0.333965
0.334331
0.334697
0.335062
0.335428
0.335793
0.336159
0.336524
0.33689
0.337255
0.337621
0.337986
0.338352
0.338717
0.339083
0.339448
0.339814
0.34018
0.340545
0.340911
0.341276
0.341642
0.342007
0.342373
0.342738
0.343104
0.343469
0.343835
0.3442
0.344566
0.344931
0.345297
0.345662
0.346028
0.346394
0.346759
0.347125
0.34749
0.347856
0.348221
0.348587
0.348952
0.349318
0.349683
0.350049
0.350414
0.35078
0.351145
0.351511
0.351876
0.352242
0.352608
0.352973
0.353339
0.353704
0.35407
0.354435
0.354801
0.355166
0.355532
0.355897
0.356263
0.356628
0.356994
0.357359
0.357725
0.35809
0.358456
0.358822
0.359187
0.359553
0.359918
0.360284
0.360649
0.361015
0.36138
0.361746
0.362111
0.362477
0.362842
0.363208
0.363573
0.363939
0.364304
0.36467
0.365036
0.365401
0.365767
0.366132
0.366498
0.366863
0.367229
0.367594
0.36796
0.368325
0.368691
0.369056
0.369422
0.369787
0.370153
0.370518
0.370884
0.37125
0.371615
0.371981
0.372346
0.372712
0.373077
0.373443
0.373808
0.374174
0.374539
0.374905
0.37527
0.375636
0.376001
0.376367
0.376732
0.377098
0.377464
0.377829
0.378195
0.37856
0.378926
0.379291
0.379657
0.380022
0.380388
0.380753
0.381119
0.381484
0.38185
0.382215
0.382581
0.382947
0.383312
0.383678
0.384043
0.384409
0.384774
0.38514
0.385505
0.385871
0.386236
0.386602
0.386967
0.387333
0.387698
0.388064
0.388429
0.388795
0.389161
0.389526
0.389892
0.390257
0.390623
0.390988
0.391354
0.391719
0.392085
0.39245
0.392816
0.393181
0.393546
0.39391
0.394274
0.394638
0.395001
0.395365
0.395727
0.39609
0.396452
0.396814
0.397175
0.397536
0.397897
0.398258
0.398618
0.398978
0.399338
0.399697
0.400056
0.400414
0.400773
0.401131
0.401489
0.401846
0.402203
0.40256
0.402916
0.403273
0.403628
0.403984
0.404339
0.404694
0.405049
0.405403
0.405757
0.406111
0.406465
0.406818
0.407171
0.407523
0.407876
0.408228
0.40858
0.408931
0.409282
0.409633
0.409984
0.410334
0.410684
0.411034
0.411383
0.411732
0.412081
0.41243
0.412778
0.413126
0.413474
0.413821
0.414169
0.414516
0.414862
0.415209
0.415555
0.415901
0.416246
0.416592
0.416937
0.417281
0.417626
0.41797
0.418314
0.418658
0.419001
0.419344
0.419687
0.42003
0.420372
0.420715
0.421056
0.421398
0.421739
0.422081
0.422421
0.422762
0.423102
0.423442
0.423782
0.424122
0.424461
0.4248
0.425139
0.425478
0.425816
0.426154
0.426492
0.426829
0.427167
0.427504
0.427841
0.428177
0.428514
0.42885
0.429186
0.429521
0.429857
0.430192
0.430527
0.430862
0.431196
0.43153
0.431864
0.432198
0.432531
0.432865
0.433198
0.433531
0.433863
0.434195
0.434528
0.434859
0.435191
0.435523
0.435854
0.436185
0.436515
0.436846
0.437176
0.437506
0.437836
0.438166
0.438495
0.438824
0.439153
0.439482
0.439811
0.440139
0.440467
0.440795
0.441122
0.44145
0.441777
0.442104
0.442431
0.442757
0.443084
0.44341
0.443736
0.444061
0.444387
0.444712
0.445037
0.445362
0.445687
0.446011
0.446335
0.44666
0.446983
0.447307
0.44763
0.447954
0.448277
0.448599
0.448922
0.449244
0.449567
0.449888
0.45021
0.450532
0.450853
0.451174
0.451495
0.451816
0.452137
0.452457
0.452777
0.453097
0.453417
0.453737
0.454056
0.454375
0.454694
0.455013
0.455332
0.45565
0.455968
0.456287
0.456604
0.456922
0.45724
0.457557
0.457874
0.458191
0.458508
0.458824
0.45914
0.459457
0.459773
0.460088
0.460404
0.460719
0.461035
0.46135
0.461665
0.461979
0.462294
0.462608
0.462922
0.463236
0.46355
0.463864
0.464177
0.46449
0.464803
0.465116
0.465429
0.465742
0.466054
0.466366
0.466678
0.46699
0.467302
0.467613
0.467924
0.468235
0.468546
0.468857
0.469168
0.469478
0.469789
0.470099
0.470409
0.470718
0.471028
0.471337
0.471647
0.471956
0.472265
0.472573
0.472882
0.47319
0.473499
0.473807
0.474115
0.474423
0.47473
0.475038
0.475345
0.475652
0.475959
0.476266
0.476572
0.476879
0.477185
0.477491
0.477797
0.478103
0.478409
0.478714
0.479019
0.479325
0.47963
0.479935
0.480239
0.480544
0.480848
0.481152
0.481457
0.481761
0.482064
0.482368
0.482671
0.482975
0.483278
0.483581
0.483884
0.484186
0.484489
0.484791
0.485094
0.485396
0.485698
0.485999
0.486301
0.486603
0.486904
0.487205
0.487506
0.487807
0.488108
0.488409
0.488709
0.489009
0.48931
0.48961
0.489909
0.490209
0.490509
0.490808
0.491108
0.491407
0.491706
0.492005
0.492303
0.492602
0.4929
0.493199
0.493497
0.493795
0.494093
0.494391
0.494688
0.494986
0.495283
0.49558
0.495877
0.496174
0.496471
0.496768
0.497064
0.497361
0.497657
0.497953
0.498249
0.498545
0.49884
0.499136
0.499431
0.499727
0.500022
0.500317
0.500612
0.500906
0.501201
0.501496
0.50179
0.502084
0.502378
0.502672
0.502966
0.50326
0.503553
0.503847
0.50414
0.504433
0.504726
0.505019
0.505312
0.505605
0.505897
0.50619
0.506482
0.506774
0.507066
0.507358
0.50765
0.507942
0.508233
0.508525
0.508816
0.509107
0.509398
0.509689
0.50998
0.510271
0.510561
0.510852
0.511142
0.511432
0.511722
0.512012
0.512302
0.512592
0.512881
0.513171
0.51346
0.513749
0.514038
0.514327
0.514616
0.514905
0.515194
0.515482
0.51577
0.516059
0.516347
0.516635
0.516923
0.517211
0.517498
0.517786
0.518073
0.518361
0.518648
0.518935
0.519222
0.519509
0.519796
0.520082
0.520369
0.520655
0.520942
0.521228
0.521514
0.5218
0.522086
0.522372
0.522657
0.522943
0.523228
0.523514
0.523799
0.524084
0.524369
0.524654
0.524939
0.525223
0.525508
0.525792
0.526077
0.526361
0.526645
0.526929
0.527213
0.527497
0.52778
0.528064
0.528347
0.528631
0.528914
0.529197
0.52948
0.529763
0.530046
0.530329
0.530612
0.530894
0.531176
0.531459
0.531741
0.532023
0.532305
0.532587
0.532869
0.533151
0.533432
0.533714
0.533995
0.534276
0.534558
0.534839
0.53512
0.535401
0.535681
0.535962
0.536243
0.536523
0.536804
0.537084
0.537364
0.537644
0.537924
0.538204
0.538484
0.538764
0.539043
0.539323
0.539602
0.539882
0.540161
0.54044
0.540719
0.540998
0.541277
0.541556
0.541834
0.542113
0.542391
0.54267
0.542948
0.543226
0.543504
0.543782
0.54406
0.544338
0.544616
0.544893
0.545171
0.545448
0.545726
0.546003
0.54628
0.546557
0.546834
0.547111
0.547388
0.547664
0.547941
0.548218
0.548494
0.54877
0.549047
0.549323
0.549599
0.549875
0.550151
0.550427
0.550702
0.550978
0.551254
0.551529
0.551804
0.55208
0.552355
0.55263
0.552905
0.55318
0.553455
0.55373
0.554004
0.554279
0.554553
0.554828
0.555102
0.555376
0.55565
0.555925
0.556199
0.556472
0.556746
0.55702
0.557294
0.557567
0.557841
0.558114
0.558387
0.558661
0.558934
0.559207
0.55948
0.559753
0.560026
0.560298
0.560571
0.560844
0.561116
0.561389
0.561661
0.561933
0.562205
0.562478
0.56275
0.563022
0.563293
0.563565
0.563837
0.564108
0.56438
0.564652
0.564923
0.565194
0.565465
0.565737
0.566008
0.566279
0.56655
0.56682
0.567091
0.567362
0.567633
0.567903
0.568174
0.568444
0.568714
0.568984
0.569255
0.569525
0.569795
0.570065
0.570334
0.570604
0.570874
0.571144
0.571413
0.571683
0.571952
0.572221
0.572491
0.57276
0.573029
0.573298
0.573567
0.573836
0.574105
0.574373
0.574642
0.574911
0.575179
0.575448
0.575716
0.575984
0.576253
0.576521
0.576789
0.577057
0.577325
0.577593
0.577861
0.578128
0.578396
0.578664
0.578931
0.579199
0.579466
0.579733
0.580001
0.580268
0.580535
0.580802
0.581069
0.581336
0.581603
0.58187
0.582136
0.582403
0.58267
0.582936
0.583202
0.583469
0.583735
0.584001
0.584268
0.584534
0.5848
0.585066
0.585332
0.585598
0.585863
0.586129
0.586395
0.58666
0.586926
0.587191
0.587457
0.587722
0.587987
0.588252
0.588518
0.588783
0.589048
0.589313
0.589577
0.589842
0.590107
0.590372
0.590636
0.590901
0.591165
0.59143
0.591694
0.591959
0.592223
0.592487
0.592751
0.593015
0.593279
0.593543
0.593807
0.594071
0.594335
0.594598
0.594862
0.595126
0.595389
0.595652
0.595916
0.596179
0.596443
0.596706
0.596969
0.597232
0.597495
0.597758
0.598021
0.598284
0.598547
0.598809
0.599072
0.599335
0.599597
0.59986
0.600122
0.600385
0.600647
0.600909
0.601172
0.601434
0.601696
0.601958
0.60222
0.602482
0.602744
0.603006
0.603267
0.603529
0.603791
0.604052
0.604314
0.604575
0.604837
0.605098
0.60536
0.605621
0.605882
0.606143
0.606404
0.606665
0.606926
0.607187
0.607448
0.607709
0.60797
0.608231
0.608491
0.608752
0.609012
0.609273
0.609533
0.609794
0.610054
0.610315
0.610575
0.610835
0.611095
0.611355
0.611615
0.611875
0.612135
0.612395
0.612655
0.612915
0.613175
0.613434
0.613694
0.613953
0.614213
0.614472
0.614732
0.614991
0.615251
0.61551
0.615769
0.616028
0.616288
0.616547
0.616806
0.617065
0.617324
0.617582
0.617841
0.6181
0.618359
0.618618
0.618876
0.619135
0.619393
0.619652
0.61991
0.620169
0.620427
0.620685
0.620944
0.621202
0.62146
0.621718
0.621976
0.622234
0.622492
0.62275
0.623008
0.623266
0.623524
0.623782
0.624039
0.624297
0.624555
0.624812
0.62507
0.625327
0.625585
0.625842
0.626099
0.626357
0.626614
0.626871
0.627128
0.627385
0.627642
0.6279
0.628157
0.628413
0.62867
0.628927
0.629184
0.629441
0.629698
0.629954
0.630211
0.630467
0.630724
0.630981
0.631237
0.631493
0.63175
0.632006
0.632262
0.632519
0.632775
0.633031
0.633287
0.633543
0.633799
0.634055
0.634311
0.634567
0.634823
0.635079
0.635335
0.635591
0.635846
0.636102
0.636358
0.636613
0.636869
0.637124
0.63738
0.637635
0.637891
0.638146
0.638401
0.638657
0.638912
0.639167
0.639422
0.639677
0.639933
0.640188
0.640443
0.640698
0.640953
0.641207
0.641462
0.641717
0.641972
0.642227
0.642481
0.642736
0.642991
0.643245
0.6435
0.643754
0.644009
0.644263
0.644518
0.644772
0.645026
0.645281
0.645535
0.645789
0.646043
0.646298
0.646552
0.646806
0.64706
0.647314
0.647568
0.647822
0.648076
0.64833
0.648583
0.648837
0.649091
0.649345
0.649598
0.649852
0.650106
0.650359
0.650613
0.650866
0.65112
0.651373
0.651627
0.65188
0.652134
0.652387
0.65264
0.652893
0.653147
0.6534
0.653653
0.653906
0.654159
0.654412
0.654665
0.654918
0.655171
0.655424
0.655677
0.65593
0.656183
0.656436
0.656688
0.656941
0.657194
0.657446
0.657699
0.657952
0.658204
0.658457
0.658709
0.658962
0.659214
0.659467
0.659719
0.659971
0.660224
0.660476
0.660728
0.660981
0.661233
0.661485
0.661737
0.661989
0.662241
0.662493
0.662745
0.662997
0.663249
0.663501
0.663753
0.664005
0.664257
0.664509
0.664761
0.665012
0.665264
0.665516
0.665768
0.666019
0.666271
0.666523
0.666774
0.667026
0.667277
0.667529
0.66778
0.668032
0.668283
0.668534
0.668786
0.669037
0.669288
0.66954
0.669791
0.670042
0.670293
0.670544
0.670796
0.671047
0.671298
0.671549
0.6718
0.672051
0.672302
0.672553
0.672804
0.673055
0.673306
0.673556
0.673807
0.674058
0.674309
0.67456
0.67481
0.675061
0.675312
0.675562
0.675813
0.676064
0.676314
0.676565
0.676815
0.677066
0.677316
0.677567
0.677817
0.678068
0.678318
0.678569
0.678819
0.679069
0.67932
0.67957
0.67982
0.68007
0.680321
0.680571
0.680821
0.681071
0.681321
0.681571
0.681821
0.682071
0.682321
0.682571
0.682821
0.683071
0.683321
0.683571
0.683821
0.684071
0.684321
0.684571
0.684821
0.68507
0.68532
0.68557
0.68582
0.686069
0.686319
0.686569
0.686818
0.687068
0.687318
0.687567
0.687817
0.688066
0.688316
0.688565
0.688815
0.689064
0.689314
0.689563
0.689813
0.690062
0.690311
0.690561
0.69081
0.691059
0.691309
0.691558
0.691807
0.692056
0.692306
0.692555
0.692804
0.693053
0.693302
0.693551
0.693801
0.69405
0.694299
0.694548
0.694797
0.695046
0.695295
0.695544
0.695793
0.696042
0.696291
0.69654
0.696789
0.697037
0.697286
0.697535
0.697784
0.698033
0.698282
0.69853
0.698779
0.699028
0.699277
0.699525
0.699774
0.700023
0.700272
0.70052
0.700769
0.701017
0.701266
0.701515
0.701763
0.702012
0.70226
0.702509
0.702757
0.703006
0.703254
0.703503
0.703751
0.704
0.704248
0.704497
0.704745
0.704993
0.705242
0.70549
0.705739
0.705987
0.706235
0.706484
0.706732
0.70698
0.707228
0.707477
0.707725
0.707973
0.708221
0.70847
0.708718
0.708966
0.709214
0.709462
0.70971
0.709959
0.710207
0.710455
0.710703
0.710951
0.711199
0.711447
0.711695
0.711943
0.712191
0.712439
0.712687
0.712935
0.713183
0.713431
0.713679
0.713927
0.714175
0.714423
0.714671
0.714919
0.715166
0.715414
0.715662
0.71591
0.716158
0.716406
0.716654
0.716901
0.717149
0.717397
0.717645
0.717893
0.71814
0.718388
0.718636
0.718884
0.719131
0.719379
0.719627
0.719874
0.720122
0.72037
0.720617
0.720865
0.721113
0.72136
0.721608
0.721856
0.722103
0.722351
0.722598
0.722846
0.723094
0.723341
0.723589
0.723836
0.724084
0.724331
0.724579
0.724827
0.725074
0.725322
0.725569
0.725817
0.726064
0.726312
0.726559
0.726806
0.727054
0.727301
0.727549
0.727796
0.728044
0.728291
0.728539
0.728786
0.729033
0.729281
0.729528
0.729776
0.730023
0.73027
0.730518
0.730765
0.731013
0.73126
0.731507
0.731755
0.732002
0.732249
0.732497
0.732744
0.732991
0.733239
0.733486
0.733733
0.733981
0.734228
0.734475
0.734722
0.73497
0.735217
0.735464
0.735712
0.735959
0.736206
0.736453
0.736701
0.736948
0.737195
0.737442
0.73769
0.737937
0.738184
0.738431
0.738679
0.738926
0.739173
0.73942
0.739667
0.739915
0.740162
0.740409
0.740656
0.740904
0.741151
0.741398
0.741645
0.741892
0.74214
0.742387
0.742634
0.742881
0.743128
0.743375
0.743623
0.74387
0.744117
0.744364
0.744611
0.744859
0.745106
0.745353
0.7456
0.745847
0.746094
0.746342
0.746589
0.746836
0.747083
0.74733
0.747578
0.747825
0.748072
0.748319
0.748566
0.748813
0.749061
0.749308
0.749555
0.749802
0.750049
0.750296
0.750544
0.750791
0.751038
0.751285
0.751532
0.751779
0.752027
0.752274
0.752521
0.752768
0.753015
0.753262
0.75351
0.753757
0.754004
0.754251
0.754498
0.754745
0.754993
0.75524
0.755487
0.755734
0.755981
0.756228
0.756476
0.756723
0.75697
0.757217
0.757464
0.757711
0.757959
0.758206
0.758453
0.7587
0.758947
0.759195
0.759442
0.759689
0.759936
0.760183
0.76043
0.760678
0.760925
0.761172
0.761419
0.761666
0.761913
0.762161
0.762408
0.762655
0.762902
0.763149
0.763396
0.763644
0.763891
0.764138
0.764385
0.764632
0.764879
0.765127
0.765374
0.765621
0.765868
0.766115
0.766362
0.76661
0.766857
0.767104
0.767351
0.767598
0.767845
0.768093
0.76834
0.768587
0.768834
0.769081
0.769329
0.769576
0.769823
0.77007
0.770317
0.770564
0.770812
0.771059
0.771306
0.771553
0.7718
0.772047
0.772295
0.772542
0.772789
0.773036
0.773283
0.77353
0.773778
0.774025
0.774272
0.774519
0.774766
0.775013
0.775261
0.775508
0.775755
0.776002
0.776249
0.776496
0.776744
0.776991
0.777238
0.777485
0.777732
0.777979
0.778227
0.778474
0.778721
0.778968
0.779215
0.779463
0.77971
0.779957
0.780204
0.780451
0.780698
0.780946
0.781193
0.78144
0.781687
0.781934
0.782181
0.782429
0.782676
0.782923
0.78317
0.783417
0.783664
0.783912
0.784159
0.784406
0.784653
0.7849
0.785147
0.785395
0.785642
0.785889
0.786136
0.786383
0.78663
0.786878
0.787125
0.787372
0.787619
0.787866
0.788113
0.788361
0.788608
0.788855
0.789102
0.789349
0.789597
0.789844
0.790091
0.790338
0.790585
0.790832
0.79108
0.791327
0.791574
0.791821
0.792068
0.792315
0.792563
0.79281
0.793057
0.793304
0.793551
0.793798
0.794046
0.794293
0.79454
0.794787
0.795034
0.795281
0.795529
0.795776
0.796023
0.79627
0.796517
0.796764
0.797012
0.797259
0.797506
0.797753
0.798
0.798247
0.798495
0.798742
0.798989
0.799236
0.799483
0.79973
0.799978
0.800225
0.800472
0.800719
0.800966
0.801214
0.801461
0.801708
0.801955
0.802202
0.802449
0.802697
0.802944
0.803191
0.803438
0.803685
0.803932
0.80418
0.804427
0.804674
0.804921
0.805168
0.805415
0.805663
0.80591
0.806157
0.806404
0.806651
0.806898
0.807146
0.807393
0.80764
0.807887
0.808134
0.808381
0.808629
0.808876
0.809123
0.80937
0.809617
0.809864
0.810112
0.810359
0.810606
0.810853
0.8111
0.811348
0.811595
0.811842
0.812089
0.812336
0.812583
0.812831
0.813078
0.813325
0.813572
0.813819
0.814066
0.814314
0.814561
0.814808
0.815055
0.815302
0.815549
0.815797
0.816044
0.816291
0.816538
0.816785
0.817032
0.81728
0.817527
0.817774
0.818021
0.818268
0.818515
0.818763
0.81901
0.819257
0.819504
0.819751
0.819998
0.820246
0.820493
0.82074
0.820987
0.821234
0.821482
0.821729
0.821976
0.822223
0.82247
0.822717
0.822965
0.823212
0.823459
0.823706
0.823953
0.8242
0.824448
0.824695
0.824942
0.825189
0.825436
0.825683
0.825931
0.826178
0.826425
0.826672
0.826919
0.827166
0.827414
0.827661
0.827908
0.828155
0.828402
0.828649
0.828897
0.829144
0.829391
0.829638
0.829885
0.830132
0.83038
0.830627
0.830874
0.831121
0.831368
0.831615
0.831863
0.83211
0.832357
0.832604
0.832851
0.833099
0.833346
0.833593
0.83384
0.834087
0.834334
0.834582
0.834829
0.835076
0.835323
0.83557
0.835817
0.836065
0.836312
0.836559
0.836806
0.837053
0.8373
0.837548
0.837795
0.838042
0.838289
0.838536
0.838783
0.839031
0.839278
0.839525
0.839772
0.840019
0.840266
0.840514
0.840761
0.841008
0.841255
0.841502
0.841749
0.841997
0.842244
0.842491
0.842738
0.842985
0.843233
0.84348
0.843727
0.843974
0.844221
0.844468
0.844716
0.844963
0.84521
0.845457
0.845704
0.845951
0.846199
0.846446
0.846693
0.84694
0.847187
0.847434
0.847682
0.847929
0.848176
0.848423
0.84867
0.848917
0.849165
0.849412
0.849659
0.849906
0.850153
0.8504
0.850648
0.850895
0.851142
0.851389
0.851636
0.851883
0.852131
0.852378
0.852625
0.852872
0.853119
0.853367
0.853614
0.853861
0.854108
0.854355
0.854602
0.85485
0.855097
0.855344
0.855591
0.855838
0.856085
0.856333
0.85658
0.856827
0.857074
0.857321
0.857568
0.857816
0.858063
0.85831
0.858557
0.858804
0.859051
0.859299
0.859546
0.859793
0.86004
0.860287
0.860534
0.860782
0.861029
0.861276
0.861523
0.86177
0.862017
0.862265
0.862512
0.862759
0.863006
0.863253
0.863501
0.863748
0.863995
0.864242
0.864489
0.864736
0.864984
0.865231
0.865478
0.865725
0.865972
0.866219
0.866467
0.866714
0.866961
0.867208
0.867455
0.867702
0.86795
0.868197
0.868444
0.868691
0.868938
0.869185
0.869433
0.86968
0.869927
0.870174
0.870421
0.870668
0.870916
0.871163
0.87141
0.871657
0.871904
0.872151
0.872399
0.872646
0.872893
0.87314
0.873387
0.873634
0.873882
0.874129
0.874376
0.874623
0.87487
0.875118
0.875365
0.875612
0.875859
0.876106
0.876353
0.876601
0.876848
0.877095
0.877342
0.877589
0.877836
0.878084
0.878331
0.878578
0.878825
0.879072
0.879319
0.879567
0.879814
0.880061
0.880308
0.880555
0.880802
0.88105
0.881297
0.881544
0.881791
0.882038
0.882285
0.882533
0.88278
0.883027
0.883274
0.883521
0.883768
0.884016
0.884263
0.88451
0.884757
0.885004
0.885252
0.885499
0.885746
0.885993
0.88624
0.886487
0.886735
0.886982
0.887229
0.887476
0.887723
0.88797
0.888218
0.888465
0.888712
0.888959
0.889206
0.889453
0.889701
0.889948
0.890195
0.890442
0.890689
0.890936
0.891184
0.891431
0.891678
0.891925
0.892172
0.892419
0.892667
0.892914
0.893161
0.893408
0.893655
0.893902
0.89415
0.894397
0.894644
0.894891
0.895138
0.895386
0.895633
0.89588
0.896127
0.896374
0.896621
0.896869
0.897116
0.897363
0.89761
0.897857
0.898104
0.898352
0.898599
0.898846
0.899093
0.89934
0.899587
0.899835
0.900082
0.900329
0.900576
0.900823
0.90107
0.901318
0.901565
0.901812
0.902059
0.902306
0.902553
0.902801
0.903048
0.903295
0.903542
0.903789
0.904036
0.904284
0.904531
0.904778
0.905025
0.905272
0.90552
0.905767
0.906014
0.906261
0.906508
0.906755
0.907003
0.90725
0.907497
0.907744
0.907991
0.908238
0.908486
0.908733
0.90898
0.909227
0.909474
0.909721
0.909969
0.910216
0.910463
0.91071
0.910957
0.911204
0.911452
0.911699
0.911946
0.912193
0.91244
0.912687
0.912935
0.913182
0.913429
0.913676
0.913923
0.91417
0.914418
0.914665
0.914912
0.915159
0.915406
0.915653
0.915901
0.916148
0.916395
0.916642
0.916889
0.917137
0.917384
0.917631
0.917878
0.918125
0.918372
0.91862
0.918867
0.919114
0.919361
0.919608
0.919855
0.920103
0.92035
0.920597
0.920844
0.921091
0.921338
0.921586
0.921833
0.92208
0.922327
0.922574
0.922821
0.923069
0.923316
0.923563
0.92381
0.924057
0.924304
0.924552
0.924799
0.925046
0.925293
0.92554
0.925787
0.926035
0.926282
0.926529
0.926776
0.927023
0.927271
0.927518
0.927765
0.928012
0.928259
0.928506
0.928754
0.929001
0.929248
0.929495
0.929742
0.929989
0.930237
0.930484
0.930731
0.930978
0.931225
0.931472
0.93172
0.931967
0.932214
0.932461
0.932708
0.932955
0.933203
0.93345
0.933697
0.933944
0.934191
0.934438
0.934686
0.934933
0.93518
0.935427
0.935674
0.935921
0.936169
0.936416
0.936663
0.93691
0.937157
0.937405
0.937652
0.937899
0.938146
0.938393
0.93864
0.938888
0.939135
0.939382
0.939629
0.939876
0.940123
0.940371
0.940618
0.940865
0.941112
0.941359
0.941606
0.941854
0.942101
0.942348
0.942595
0.942842
0.943089
0.943337
0.943584
0.943831
0.944078
0.944325
0.944572
0.94482
0.945067
0.945314
0.945561
0.945808
0.946055
0.946303
0.94655
0.946797
0.947044
0.947291
0.947538
0.947786
0.948033
0.94828
0.948527
0.948774
0.949022
0.949269
0.949516
0.949763
0.95001
0.950257
0.950505
0.950752
0.950999
0.951246
0.951493
0.95174
0.951988
0.952235
0.952482
0.952729
0.952976
0.953223
0.953471
0.953718
0.953965
0.954212
0.954459
0.954706
0.954954
0.955201
0.955448
0.955695
0.955942
0.956189
0.956437
0.956684
0.956931
0.957178
0.957425
0.957672
0.95792
0.958167
0.958414
0.958661
0.958908
0.959156
0.959403
0.95965
0.959897
0.960144
0.960391
0.960639
0.960886
0.961133
0.96138
0.961627
0.961874
0.962122
0.962369
0.962616
0.962863
0.96311
0.963357
0.963605
0.963852
0.964099
0.964346
0.964593
0.96484
0.965088
0.965335
0.965582
0.965829
0.966076
0.966323
0.966571
0.966818
0.967065
0.967312
0.967559
0.967806
0.968054
0.968301
0.968548
0.968795
0.969042
0.96929
0.969537
0.969784
0.970031
0.970278
0.970525
0.970773
0.97102
0.971267
0.971514
0.971761
0.972008
0.972256
0.972503
0.97275
0.972997
0.973244
0.973491
0.973739
0.973986
0.974233
0.97448
0.974727
0.974974
0.975222
0.975469
0.975716
0.975963
0.97621
0.976457
0.976705
0.976952
0.977199
0.977446
0.977693
0.97794
0.978188
0.978435
0.978682
0.978929
0.979176
0.979424
0.979671
0.979918
0.980165
0.980412
0.980659
0.980907
0.981154
0.981401
0.981648
0.981895
0.982142
0.98239
0.982637
0.982884
0.983131
0.983378
0.983625
0.983873
0.98412
0.984367
0.984614
0.984861
0.985108
0.985356
0.985603
0.98585
0.986097
0.986344
0.986591
0.986839
0.987086
0.987333
0.98758
0.987827
0.988074
0.988322
0.988569
0.988816
0.989063
0.98931
0.989557
0.989805
0.990052
0.990299
0.990546
0.990793
0.991041
0.991288
0.991535
0.991782
0.992029
0.992276
0.992524
0.992771
0.993018
0.993265
0.993512
0.993759
0.994007
0.994254
0.994501
0.994748
0.994995
0.995242
0.99549
0.995737
0.995984
0.996231
0.996478
0.996725
0.996973
0.99722
0.997467
0.997714
0.997961
0.998208
0.998456
0.998703
0.99895
0.999197
0.999444
0.999691
0.999939
1.00019
