-0.412067
-0.412134
-0.4122
-0.412266
-0.412331
-0.412396
-0.41246
-0.412524
-0.412587
-0.41265
-0.412712
-0.412774
-0.412836
-0.412897
-0.412957
-0.413017
-0.413077
-0.413136
-0.413194
-0.413252
-0.41331
-0.413367
-0.413424
-0.41348
-0.413536
-0.413591
-0.413645
-0.4137
-0.413753
-0.413807
-0.41386
-0.413912
-0.413964
-0.414015
-0.414066
-0.414117
-0.414167
-0.414216
-0.414265
-0.414314
-0.414362
-0.414409
-0.414456
-0.414503
-0.414549
-0.414595
-0.41464
-0.414685
-0.414729
-0.414773
-0.414816
-0.414859
-0.414901
-0.414943
-0.414984
-0.415025
-0.415066
-0.415105
-0.415145
-0.415184
-0.415222
-0.41526
-0.415298
-0.415335
-0.415372
-0.415408
-0.415444
-0.415479
-0.415513
-0.415548
-0.415581
-0.415615
-0.415647
-0.41568
-0.415712
-0.415743
-0.415774
-0.415804
-0.415834
-0.415864
-0.415893
-0.415921
-0.415949
-0.415977
-0.416004
-0.41603
-0.416057
-0.416082
-0.416107
-0.416132
-0.416156
-0.41618
-0.416203
-0.416226
-0.416248
-0.41627
-0.416292
-0.416312
-0.416333
-0.416353
-0.416372
-0.416391
-0.41641
-0.416428
-0.416445
-0.416463
-0.416479
-0.416495
-0.416511
-0.416526
-0.416541
-0.416555
-0.416569
-0.416582
-0.416595
-0.416607
-0.416619
-0.416631
-0.416641
-0.416652
-0.416662
-0.416671
-0.41668
-0.416689
-0.416697
-0.416705
-0.416712
-0.416718
-0.416725
-0.41673
-0.416735
-0.41674
-0.416744
-0.416748
-0.416752
-0.416754
-0.416757
-0.416759
-0.41676
-0.416761
-0.416762
-0.416762
-0.416761
-0.41676
-0.416759
-0.416757
-0.416755
-0.416752
-0.416748
-0.416745
-0.41674
-0.416736
-0.416731
-0.416725
-0.416719
-0.416712
-0.416705
-0.416697
-0.416689
-0.416681
-0.416672
-0.416662
-0.416653
-0.416642
-0.416631
-0.41662
-0.416608
-0.416596
-0.416583
-0.41657
-0.416556
-0.416542
-0.416527
-0.416512
-0.416497
-0.416481
-0.416464
-0.416447
-0.41643
-0.416412
-0.416393
-0.416374
-0.416355
-0.416335
-0.416315
-0.416294
-0.416273
-0.416251
-0.416229
-0.416206
-0.416183
-0.41616
-0.416136
-0.416111
-0.416086
-0.416061
-0.416035
-0.416008
-0.415981
-0.415954
-0.415926
-0.415898
-0.415869
-0.41584
-0.41581
-0.41578
-0.415749
-0.415718
-0.415687
-0.415655
-0.415622
-0.415589
-0.415556
-0.415522
-0.415487
-0.415452
-0.415417
-0.415381
-0.415345
-0.415308
-0.415271
-0.415233
-0.415195
-0.415157
-0.415117
-0.415078
-0.415038
-0.414997
-0.414956
-0.414915
-0.414873
-0.414831
-0.414788
-0.414745
-0.414701
-0.414657
-0.414612
-0.414567
-0.414521
-0.414475
-0.414428
-0.414381
-0.414334
-0.414286
-0.414237
-0.414188
-0.414139
-0.414089
-0.414039
-0.413988
-0.413937
-0.413885
-0.413833
-0.41378
-0.413727
-0.413674
-0.41362
-0.413565
-0.41351
-0.413455
-0.413399
-0.413343
-0.413286
-0.413228
-0.413171
-0.413112
-0.413054
-0.412995
-0.412935
-0.412875
-0.412814
-0.412753
-0.412692
-0.41263
-0.412567
-0.412504
-0.412441
-0.412377
-0.412313
-0.412248
-0.412183
-0.412117
-0.412051
-0.411985
-0.411918
-0.41185
-0.411782
-0.411714
-0.411645
-0.411575
-0.411506
-0.411435
-0.411364
-0.411293
-0.411222
-0.411149
-0.411077
-0.411004
-0.41093
-0.410856
-0.410782
-0.410707
-0.410631
-0.410556
-0.410479
-0.410402
-0.410325
-0.410247
-0.410169
-0.410091
-0.410012
-0.409932
-0.409852
-0.409772
-0.409691
-0.409609
-0.409527
-0.409445
-0.409362
-0.409279
-0.409195
-0.409111
-0.409026
-0.408941
-0.408856
-0.40877
-0.408683
-0.408596
-0.408509
-0.408421
-0.408333
-0.408244
-0.408155
-0.408065
-0.407975
-0.407884
-0.407793
-0.407702
-0.40761
-0.407517
-0.407424
-0.407331
-0.407237
-0.407143
-0.407048
-0.406953
-0.406857
-0.406761
-0.406665
-0.406568
-0.40647
-0.406372
-0.406274
-0.406175
-0.406075
-0.405976
-0.405875
-0.405775
-0.405674
-0.405572
-0.40547
-0.405367
-0.405264
-0.405161
-0.405057
-0.404953
-0.404848
-0.404743
-0.404637
-0.404531
-0.404424
-0.404317
-0.404209
-0.404101
-0.403993
-0.403884
-0.403774
-0.403665
-0.403554
-0.403444
-0.403332
-0.403221
-0.403109
-0.402996
-0.402883
-0.402769
-0.402655
-0.402541
-0.402426
-0.402311
-0.402195
-0.402079
-0.401962
-0.401845
-0.401728
-0.401609
-0.401491
-0.401372
-0.401253
-0.401133
-0.401012
-0.400892
-0.40077
-0.400649
-0.400527
-0.400404
-0.400281
-0.400158
-0.400034
-0.399909
-0.399784
-0.399659
-0.399533
-0.399407
-0.39928
-0.399153
-0.399026
-0.398898
-0.398769
-0.39864
-0.398511
-0.398381
-0.398251
-0.39812
-0.397989
-0.397857
-0.397725
-0.397593
-0.39746
-0.397326
-0.397192
-0.397058
-0.396923
-0.396788
-0.396652
-0.396516
-0.396379
-0.396242
-0.396105
-0.395967
-0.395828
-0.39569
-0.39555
-0.39541
-0.39527
-0.39513
-0.394988
-0.394847
-0.394705
-0.394562
-0.394419
-0.394276
-0.394132
-0.393988
-0.393843
-0.393698
-0.393553
-0.393406
-0.39326
-0.393113
-0.392966
-0.392818
-0.392669
-0.392521
-0.392371
-0.392222
-0.392072
-0.391921
-0.39177
-0.391619
-0.391467
-0.391314
-0.391162
-0.391008
-0.390855
-0.390701
-0.390546
-0.390391
-0.390235
-0.39008
-0.389923
-0.389766
-0.389609
-0.389451
-0.389293
-0.389135
-0.388976
-0.388816
-0.388656
-0.388496
-0.388335
-0.388174
-0.388012
-0.38785
-0.387687
-0.387524
-0.38736
-0.387196
-0.387032
-0.386867
-0.386702
-0.386536
-0.38637
-0.386203
-0.386036
-0.385869
-0.385701
-0.385532
-0.385363
-0.385194
-0.385024
-0.384854
-0.384683
-0.384512
-0.384341
-0.384169
-0.383996
-0.383824
-0.38365
-0.383476
-0.383302
-0.383128
-0.382953
-0.382777
-0.382601
-0.382425
-0.382248
-0.38207
-0.381893
-0.381714
-0.381536
-0.381357
-0.381177
-0.380997
-0.380817
-0.380636
-0.380455
-0.380273
-0.380091
-0.379908
-0.379725
-0.379542
-0.379358
-0.379173
-0.378988
-0.378803
-0.378617
-0.378431
-0.378245
-0.378057
-0.37787
-0.377682
-0.377494
-0.377305
-0.377116
-0.376926
-0.376736
-0.376545
-0.376354
-0.376163
-0.375971
-0.375778
-0.375586
-0.375392
-0.375199
-0.375005
-0.37481
-0.374615
-0.37442
-0.374224
-0.374028
-0.373831
-0.373634
-0.373436
-0.373238
-0.373039
-0.37284
-0.372641
-0.372441
-0.372241
-0.37204
-0.371839
-0.371638
-0.371435
-0.371233
-0.37103
-0.370827
-0.370623
-0.370419
-0.370214
-0.370009
-0.369803
-0.369598
-0.369391
-0.369184
-0.368977
-0.368769
-0.368561
-0.368352
-0.368143
-0.367934
-0.367724
-0.367514
-0.367303
-0.367092
-0.36688
-0.366668
-0.366455
-0.366242
-0.366029
-0.365815
-0.365601
-0.365386
-0.365171
-0.364955
-0.364739
-0.364523
-0.364306
-0.364088
-0.363871
-0.363652
-0.363434
-0.363215
-0.362995
-0.362775
-0.362555
-0.362334
-0.362113
-0.361891
-0.361669
-0.361446
-0.361223
-0.361
-0.360776
-0.360551
-0.360327
-0.360101
-0.359876
-0.35965
-0.359423
-0.359196
-0.358969
-0.358741
-0.358513
-0.358284
-0.358055
-0.357825
-0.357595
-0.357365
-0.357134
-0.356903
-0.356671
-0.356439
-0.356206
-0.355973
-0.35574
-0.355506
-0.355272
-0.355037
-0.354802
-0.354566
-0.35433
-0.354093
-0.353856
-0.353619
-0.353381
-0.353143
-0.352904
-0.352665
-0.352426
-0.352186
-0.351945
-0.351704
-0.351463
-0.351221
-0.350979
-0.350737
-0.350494
-0.35025
-0.350006
-0.349762
-0.349517
-0.349272
-0.349027
-0.34878
-0.348534
-0.348287
-0.34804
-0.347792
-0.347544
-0.347295
-0.347046
-0.346797
-0.346547
-0.346296
-0.346045
-0.345794
-0.345543
-0.34529
-0.345038
-0.344785
-0.344532
-0.344278
-0.344024
-0.343769
-0.343514
-0.343258
-0.343002
-0.342746
-0.342489
-0.342232
-0.341974
-0.341716
-0.341457
-0.341198
-0.340939
-0.340679
-0.340419
-0.340158
-0.339897
-0.339635
-0.339373
-0.339111
-0.338848
-0.338585
-0.338321
-0.338057
-0.337792
-0.337527
-0.337262
-0.336996
-0.336729
-0.336463
-0.336195
-0.335928
-0.33566
-0.335391
-0.335122
-0.334853
-0.334583
-0.334313
-0.334043
-0.333771
-0.3335
-0.333228
-0.332956
-0.332683
-0.33241
-0.332136
-0.331862
-0.331588
-0.331313
-0.331037
-0.330762
-0.330485
-0.330209
-0.329932
-0.329654
-0.329376
-0.329098
-0.328819
-0.32854
-0.32826
-0.32798
-0.3277
-0.327419
-0.327137
-0.326856
-0.326573
-0.326291
-0.326008
-0.325724
-0.32544
-0.325156
-0.324871
-0.324586
-0.3243
-0.324014
-0.323728
-0.323441
-0.323153
-0.322866
-0.322577
-0.322289
-0.322
-0.32171
-0.32142
-0.32113
-0.320839
-0.320548
-0.320256
-0.319964
-0.319672
-0.319379
-0.319085
-0.318792
-0.318497
-0.318203
-0.317908
-0.317612
-0.317316
-0.31702
-0.316723
-0.316426
-0.316128
-0.31583
-0.315532
-0.315233
-0.314934
-0.314634
-0.314334
-0.314033
-0.313732
-0.313431
-0.313129
-0.312826
-0.312524
-0.31222
-0.311917
-0.311613
-0.311308
-0.311004
-0.310698
-0.310393
-0.310087
-0.30978
-0.309473
-0.309166
-0.308858
-0.30855
-0.308241
-0.307932
-0.307622
-0.307312
-0.307002
-0.306691
-0.30638
-0.306069
-0.305757
-0.305444
-0.305131
-0.304818
-0.304504
-0.30419
-0.303876
-0.303561
-0.303245
-0.302929
-0.302613
-0.302296
-0.301979
-0.301662
-0.301344
-0.301026
-0.300707
-0.300388
-0.300068
-0.299748
-0.299428
-0.299107
-0.298786
-0.298464
-0.298142
-0.297819
-0.297496
-0.297173
-0.296849
-0.296525
-0.296201
-0.295876
-0.29555
-0.295224
-0.294898
-0.294571
-0.294244
-0.293917
-0.293589
-0.293261
-0.292932
-0.292603
-0.292273
-0.291943
-0.291613
-0.291282
-0.290951
-0.290619
-0.290287
-0.289955
-0.289622
-0.289288
-0.288955
-0.288621
-0.288286
-0.287951
-0.287616
-0.28728
-0.286944
-0.286607
-0.28627
-0.285933
-0.285595
-0.285257
-0.284918
-0.284579
-0.28424
-0.2839
-0.28356
-0.283219
-0.282878
-0.282536
-0.282194
-0.281852
-0.281509
-0.281166
-0.280823
-0.280479
-0.280134
-0.279789
-0.279444
-0.279099
-0.278753
-0.278406
-0.27806
-0.277712
-0.277365
-0.277017
-0.276668
-0.276319
-0.27597
-0.275621
-0.275271
-0.27492
-0.274569
-0.274218
-0.273866
-0.273514
-0.273162
-0.272809
-0.272456
-0.272102
-0.271748
-0.271393
-0.271038
-0.270683
-0.270327
-0.269971
-0.269615
-0.269258
-0.268901
-0.268543
-0.268185
-0.267826
-0.267467
-0.267108
-0.266748
-0.266388
-0.266028
-0.265667
-0.265306
-0.264944
-0.264582
-0.264219
-0.263857
-0.263493
-0.26313
-0.262765
-0.262401
-0.262036
-0.261671
-0.261305
-0.260939
-0.260573
-0.260206
-0.259838
-0.259471
-0.259103
-0.258734
-0.258366
-0.257996
-0.257627
-0.257257
-0.256886
-0.256515
-0.256144
-0.255773
-0.255401
-0.255028
-0.254655
-0.254282
-0.253909
-0.253535
-0.25316
-0.252786
-0.252411
-0.252035
-0.251659
-0.251283
-0.250906
-0.250529
-0.250152
-0.249774
-0.249395
-0.249017
-0.248638
-0.248258
-0.247879
-0.247498
-0.247118
-0.246737
-0.246356
-0.245974
-0.245592
-0.245209
-0.244826
-0.244443
-0.244059
-0.243675
-0.243291
-0.242906
-0.242521
-0.242135
-0.241749
-0.241363
-0.240976
-0.240589
-0.240201
-0.239813
-0.239425
-0.239036
-0.238647
-0.238258
-0.237868
-0.237478
-0.237087
-0.236696
-0.236305
-0.235913
-0.235521
-0.235129
-0.234736
-0.234342
-0.233949
-0.233555
-0.23316
-0.232766
-0.232371
-0.231975
-0.231579
-0.231183
-0.230786
-0.230389
-0.229992
-0.229594
-0.229197
-0.2288
-0.228402
-0.228005
-0.227608
-0.22721
-0.226813
-0.226415
-0.226018
-0.22562
-0.225223
-0.224825
-0.224428
-0.22403
-0.223633
-0.223235
-0.222838
-0.22244
-0.222043
-0.221645
-0.221248
-0.22085
-0.220452
-0.220055
-0.219657
-0.219259
-0.218862
-0.218464
-0.218066
-0.217669
-0.217271
-0.216873
-0.216476
-0.216078
-0.21568
-0.215282
-0.214884
-0.214487
-0.214089
-0.213691
-0.213293
-0.212895
-0.212498
-0.2121
-0.211702
-0.211304
-0.210906
-0.210508
-0.21011
-0.209712
-0.209314
-0.208916
-0.208518
-0.20812
-0.207723
-0.207325
-0.206927
-0.206529
-0.20613
-0.205732
-0.205334
-0.204936
-0.204538
-0.20414
-0.203742
-0.203344
-0.202946
-0.202548
-0.20215
-0.201752
-0.201353
-0.200955
-0.200557
-0.200159
-0.199761
-0.199363
-0.198964
-0.198566
-0.198168
-0.19777
-0.197371
-0.196973
-0.196575
-0.196177
-0.195778
-0.19538
-0.194982
-0.194583
-0.194185
-0.193787
-0.193388
-0.19299
-0.192592
-0.192193
-0.191795
-0.191397
-0.190998
-0.1906
-0.190201
-0.189803
-0.189404
-0.189006
-0.188608
-0.188209
-0.187811
-0.187412
-0.187014
-0.186615
-0.186217
-0.185818
-0.18542
-0.185021
-0.184622
-0.184224
-0.183825
-0.183427
-0.183028
-0.18263
-0.182231
-0.181832
-0.181434
-0.181035
-0.180636
-0.180238
-0.179839
-0.179441
-0.179042
-0.178643
-0.178244
-0.177846
-0.177447
-0.177048
-0.17665
-0.176251
-0.175852
-0.175453
-0.175055
-0.174656
-0.174257
-0.173858
-0.17346
-0.173061
-0.172662
-0.172263
-0.171864
-0.171465
-0.171067
-0.170668
-0.170269
-0.16987
-0.169471
-0.169072
-0.168673
-0.168275
-0.167876
-0.167477
-0.167078
-0.166679
-0.16628
-0.165881
-0.165482
-0.165083
-0.164684
-0.164285
-0.163886
-0.163487
-0.163088
-0.162689
-0.16229
-0.161891
-0.161492
-0.161093
-0.160694
-0.160295
-0.159896
-0.159497
-0.159098
-0.158699
-0.1583
-0.1579
-0.157501
-0.157102
-0.156703
-0.156304
-0.155905
-0.155506
-0.155107
-0.154707
-0.154308
-0.153909
-0.15351
-0.153111
-0.152711
-0.152312
-0.151913
-0.151514
-0.151115
-0.150715
-0.150316
-0.149917
-0.149518
-0.149118
-0.148719
-0.14832
-0.147921
-0.147521
-0.147122
-0.146723
-0.146323
-0.145924
-0.145525
-0.145125
-0.144726
-0.144327
-0.143927
-0.143528
-0.143129
-0.142729
-0.14233
-0.141931
-0.141531
-0.141132
-0.140732
-0.140333
-0.139934
-0.139534
-0.139135
-0.138735
-0.138336
-0.137936
-0.137537
-0.137137
-0.136738
-0.136338
-0.135939
-0.135539
-0.13514
-0.13474
-0.134341
-0.133941
-0.133542
-0.133142
-0.132743
-0.132343
-0.131944
-0.131544
-0.131145
-0.130745
-0.130346
-0.129946
-0.129546
-0.129147
-0.128747
-0.128348
-0.127948
-0.127548
-0.127149
-0.126749
-0.126349
-0.12595
-0.12555
-0.125151
-0.124751
-0.124351
-0.123952
-0.123552
-0.123152
-0.122753
-0.122353
-0.121953
-0.121553
-0.121154
-0.120754
-0.120354
-0.119955
-0.119555
-0.119155
-0.118755
-0.118356
-0.117956
-0.117556
-0.117156
-0.116756
-0.116357
-0.115957
-0.115557
-0.115157
-0.114758
-0.114358
-0.113958
-0.113558
-0.113158
-0.112758
-0.112359
-0.111959
-0.111559
-0.111159
-0.110759
-0.110359
-0.109959
-0.10956
-0.10916
-0.10876
-0.10836
-0.10796
-0.10756
-0.10716
-0.10676
-0.10636
-0.10596
-0.10556
-0.105161
-0.104761
-0.104361
-0.103961
-0.103561
-0.103161
-0.102761
-0.102361
-0.101961
-0.101561
-0.101161
-0.100761
-0.100361
-0.0999609
-0.0995609
-0.0991609
-0.0987609
-0.0983608
-0.0979608
-0.0975608
-0.0971607
-0.0967607
-0.0963606
-0.0959606
-0.0955605
-0.0951604
-0.0947604
-0.0943603
-0.0939602
-0.0935601
-0.09316
-0.0927599
-0.0923598
-0.0919597
-0.0915596
-0.0911595
-0.0907594
-0.0903593
-0.0899591
-0.089559
-0.0891589
-0.0887587
-0.0883586
-0.0879584
-0.0875582
-0.0871581
-0.0867579
-0.0863577
-0.0859576
-0.0855574
-0.0851572
-0.084757
-0.0843568
-0.0839566
-0.0835564
-0.0831562
-0.082756
-0.0823557
-0.0819555
-0.0815553
-0.081155
-0.0807548
-0.0803546
-0.0799543
-0.0795541
-0.0791538
-0.0787535
-0.0783533
-0.077953
-0.0775527
-0.0771524
-0.0767521
-0.0763519
-0.0759516
-0.0755513
-0.075151
-0.0747506
-0.0743503
-0.07395
-0.0735497
-0.0731494
-0.072749
-0.0723487
-0.0719484
-0.071548
-0.0711477
-0.0707473
-0.070347
-0.0699466
-0.0695462
-0.0691459
-0.0687455
-0.0683451
-0.0679447
-0.0675443
-0.067144
-0.0667436
-0.0663432
-0.0659428
-0.0655423
-0.0651419
-0.0647415
-0.0643411
-0.0639407
-0.0635402
-0.0631398
-0.0627394
-0.0623389
-0.0619385
-0.061538
-0.0611376
-0.0607371
-0.0603367
-0.0599362
-0.0595357
-0.0591352
-0.0587348
-0.0583343
-0.0579338
-0.0575333
-0.0571328
-0.0567323
-0.0563318
-0.0559313
-0.0555308
-0.0551303
-0.0547298
-0.0543292
-0.0539287
-0.0535282
-0.0531276
-0.0527271
-0.0523266
-0.051926
-0.0515255
-0.0511249
-0.0507244
-0.0503238
-0.0499232
-0.0495227
-0.0491221
-0.0487215
-0.0483209
-0.0479203
-0.0475198
-0.0471192
-0.0467186
-0.046318
-0.0459174
-0.0455167
-0.0451161
-0.0447155
-0.0443149
-0.0439143
-0.0435137
-0.043113
-0.0427124
-0.0423118
-0.0419111
-0.0415105
-0.0411098
-0.0407092
-0.0403085
-0.0399078
-0.0395072
-0.0391065
-0.0387058
-0.0383052
-0.0379045
-0.0375038
-0.0371031
-0.0367024
-0.0363017
-0.0359011
-0.0355004
-0.0350996
-0.0346989
-0.0342982
-0.0338975
-0.0334968
-0.0330961
-0.0326954
-0.0322946
-0.0318939
-0.0314932
-0.0310924
-0.0306917
-0.0302909
-0.0298902
-0.0294894
-0.0290887
-0.0286879
-0.0282872
-0.0278864
-0.0274856
-0.0270849
-0.0266841
-0.0262833
-0.0258825
-0.0254817
-0.0250809
-0.0246802
-0.0242794
-0.0238786
-0.0234778
-0.023077
-0.0226761
-0.0222753
-0.0218745
-0.0214737
-0.0210729
-0.0206721
-0.0202712
-0.0198704
-0.0194696
-0.0190687
-0.0186679
-0.018267
-0.0178662
-0.0174653
-0.0170645
-0.0166636
-0.0162628
-0.0158619
-0.015461
-0.0150602
-0.0146593
-0.0142584
-0.0138575
-0.0134566
-0.0130558
-0.0126549
-0.012254
-0.0118531
-0.0114522
-0.0110513
-0.0106504
-0.0102495
-0.00984856
-0.00944765
-0.00904673
-0.00864581
-0.00824489
-0.00784396
-0.00744303
-0.0070421
-0.00664117
-0.00624023
-0.00583929
-0.00543835
-0.0050374
-0.00463645
-0.0042355
-0.00383454
-0.00343358
-0.00303262
-0.00263166
-0.00223069
-0.00182972
-0.00142874
-0.00102777
-0.000626789
-0.000225807
0.000175178
0.000576166
0.000977156
0.00137815
0.00177915
0.00218015
0.00258115
0.00298215
0.00338316
0.00378417
0.00418518
0.0045862
0.00498722
0.00538824
0.00578927
0.00619029
0.00659132
0.00699236
0.00739339
0.00779443
0.00819547
0.00859652
0.00899756
0.00939861
0.00979966
0.0102007
0.0106018
0.0110028
0.0114039
0.011805
0.012206
0.0126071
0.0130082
0.0134093
0.0138103
0.0142114
0.0146125
0.0150136
0.0154147
0.0158158
0.0162169
0.016618
0.0170191
0.0174202
0.0178213
0.0182224
0.0186235
0.0190246
0.0194257
0.0198268
0.020228
0.0206291
0.0210302
0.0214313
0.0218325
0.0222336
0.0226347
0.0230359
0.023437
0.0238382
0.0242393
0.0246405
0.0250416
0.0254428
0.0258439
0.0262451
0.0266462
0.0270474
0.0274486
0.0278497
0.0282509
0.0286521
0.0290533
0.0294544
0.0298556
0.0302568
0.030658
0.0310592
0.0314604
0.0318616
0.0322628
0.0326639
0.0330651
0.0334664
0.0338676
0.0342688
0.03467
0.0350712
0.0354724
0.0358736
0.0362748
0.0366761
0.0370773
0.0374785
0.0378797
0.038281
0.0386822
0.0390834
0.0394847
0.0398859
0.0402871
0.0406884
0.0410896
0.0414909
0.0418921
0.0422934
0.0426946
0.0430959
0.0434972
0.0438984
0.0442997
0.044701
0.0451022
0.0455035
0.0459048
0.046306
0.0467073
0.0471086
0.0475099
0.0479112
0.0483124
0.0487137
0.049115
0.0495163
0.0499176
0.0503189
0.0507202
0.0511215
0.0515228
0.0519241
0.0523254
0.0527267
0.053128
0.0535294
0.0539307
0.054332
0.0547333
0.0551346
0.055536
0.0559373
0.0563386
0.0567399
0.0571413
0.0575426
0.0579439
0.0583453
0.0587466
0.059148
0.0595493
0.0599507
0.060352
0.0607533
0.0611547
0.0615561
0.0619574
0.0623588
0.0627601
0.0631615
0.0635629
0.0639642
0.0643656
0.064767
0.0651683
0.0655697
0.0659711
0.0663725
0.0667738
0.0671752
0.0675766
0.067978
0.0683794
0.0687808
0.0691822
0.0695835
0.0699849
0.0703863
0.0707877
0.0711891
0.0715905
0.0719919
0.0723933
0.0727948
0.0731962
0.0735976
0.073999
0.0744004
0.0748018
0.0752032
0.0756047
0.0760061
0.0764075
0.0768089
0.0772104
0.0776118
0.0780132
0.0784147
0.0788161
0.0792175
0.079619
0.0800204
0.0804218
0.0808233
0.0812247
0.0816262
0.0820276
0.0824291
0.0828305
0.083232
0.0836334
0.0840349
0.0844364
0.0848378
0.0852393
0.0856407
0.0860422
0.0864437
0.0868451
0.0872466
0.0876481
0.0880496
0.088451
0.0888525
0.089254
0.0896555
0.090057
0.0904584
0.0908599
0.0912614
0.0916629
0.0920644
0.0924659
0.0928674
0.0932689
0.0936704
0.0940719
0.0944734
0.0948749
0.0952764
0.0956779
0.0960794
0.0964809
0.0968824
0.0972839
0.0976854
0.0980869
0.0984885
0.09889
0.0992915
0.099693
0.100095
0.100496
0.100898
0.101299
0.101701
0.102102
0.102504
0.102905
0.103307
0.103708
0.10411
0.104511
0.104913
0.105314
0.105716
0.106118
0.106519
0.106921
0.107322
0.107724
0.108125
0.108527
0.108928
0.10933
0.109731
0.110133
0.110535
0.110936
0.111338
0.111739
0.112141
0.112542
0.112944
0.113346
0.113747
0.114149
0.11455
0.114952
0.115353
0.115755
0.116157
0.116558
0.11696
0.117361
0.117763
0.118165
0.118566
0.118968
0.119369
0.119771
0.120172
0.120574
0.120976
0.121377
0.121779
0.12218
0.122582
0.122984
0.123385
0.123787
0.124188
0.12459
0.124992
0.125393
0.125795
0.126197
0.126598
0.127
0.127401
0.127803
0.128205
0.128606
0.129008
0.129409
0.129811
0.130213
0.130614
0.131016
0.131418
0.131819
0.132221
0.132622
0.133024
0.133426
0.133827
0.134229
0.134631
0.135032
0.135434
0.135836
0.136237
0.136639
0.13704
0.137442
0.137844
0.138245
0.138647
0.139049
0.13945
0.139852
0.140254
0.140655
0.141057
0.141459
0.14186
0.142262
0.142664
0.143065
0.143467
0.143869
0.14427
0.144672
0.145074
0.145475
0.145877
0.146279
0.14668
0.147082
0.147484
0.147885
0.148287
0.148689
0.14909
0.149492
0.149894
0.150295
0.150697
0.151099
0.1515
0.151902
0.152304
0.152705
0.153107
0.153509
0.15391
0.154312
0.154714
0.155116
0.155517
0.155919
0.156321
0.156722
0.157124
0.157526
0.157927
0.158329
0.158731
0.159132
0.159534
0.159936
0.160338
0.160739
0.161141
0.161543
0.161944
0.162346
0.162748
0.16315
0.163551
0.163953
0.164355
0.164756
0.165158
0.16556
0.165962
0.166363
0.166765
0.167167
0.167568
0.16797
0.168372
0.168774
0.169175
0.169577
0.169979
0.17038
0.170782
0.171184
0.171586
0.171987
0.172389
0.172791
0.173193
0.173594
0.173996
0.174398
0.174799
0.175201
0.175603
0.176005
0.176406
0.176808
0.17721
0.177612
0.178013
0.178415
0.178817
0.179219
0.17962
0.180022
0.180424
0.180826
0.181227
0.181629
0.182031
0.182433
0.182834
0.183236
0.183638
0.184039
0.184441
0.184843
0.185245
0.185646
0.186048
0.18645
0.186852
0.187254
0.187655
0.188057
0.188459
0.188861
0.189262
0.189664
0.190066
0.190468
0.190869
0.191271
0.191673
0.192075
0.192476
0.192878
0.19328
0.193682
0.194083
0.194485
0.194887
0.195289
0.195691
0.196092
0.196494
0.196896
0.197298
0.197699
0.198101
0.198503
0.198905
0.199306
0.199708
0.20011
0.200512
0.200914
0.201315
0.201717
0.202119
0.202521
0.202922
0.203324
0.203726
0.204128
0.20453
0.204931
0.205333
0.205735
0.206137
0.206538
0.20694
0.207342
0.207744
0.208146
0.208547
0.208949
0.209351
0.209753
0.210155
0.210556
0.210958
0.21136
0.211762
0.212163
0.212565
0.212967
0.213369
0.213771
0.214172
0.214574
0.214976
0.215378
0.21578
0.216181
0.216583
0.216985
0.217387
0.217789
0.21819
0.218592
0.218994
0.219396
0.219798
0.220199
0.220601
0.221003
0.221405
0.221807
0.222208
0.22261
0.223012
0.223414
0.223816
0.224217
0.224619
0.225021
0.225423
0.225825
0.226226
0.226628
0.22703
0.227432
0.227834
0.228235
0.228637
0.229039
0.229441
0.229843
0.230244
0.230646
0.231048
0.23145
0.231852
0.232253
0.232655
0.233057
0.233459
0.233861
0.234262
0.234664
0.235066
0.235468
0.23587
0.236271
0.236673
0.237075
0.237477
0.237879
0.238281
0.238682
0.239084
0.239486
0.239888
0.24029
0.240691
0.241093
0.241495
0.241897
0.242299
0.2427
0.243102
0.243504
0.243906
0.244308
0.24471
0.245111
0.245513
0.245915
0.246317
0.246719
0.24712
0.247522
0.247924
0.248326
0.248728
0.24913
0.249531
0.249933
0.250335
0.250737
0.251139
0.25154
0.251942
0.252344
0.252746
0.253148
0.25355
0.253951
0.254353
0.254755
0.255157
0.255559
0.25596
0.256362
0.256764
0.257166
0.257568
0.25797
0.258371
0.258773
0.259175
0.259577
0.259979
0.26038
0.260782
0.261184
0.261586
0.261988
0.26239
0.262791
0.263193
0.263595
0.263997
0.264399
0.2648
0.265202
0.265604
0.266006
0.266408
0.26681
0.267211
0.267613
0.268015
0.268417
0.268819
0.26922
0.269622
0.270024
0.270426
0.270828
0.27123
0.271631
0.272033
0.272435
0.272837
0.273239
0.27364
0.274042
0.274444
0.274846
0.275248
0.27565
0.276051
0.276453
0.276855
0.277257
0.277659
0.27806
0.278462
0.278864
0.279266
0.279668
0.28007
0.280471
0.280873
0.281275
0.281677
0.282079
0.28248
0.282882
0.283284
0.283686
0.284088
0.28449
0.284891
0.285293
0.285695
0.286097
0.286499
0.2869
0.287302
0.287704
0.288106
0.288508
0.288909
0.289311
0.289713
0.290115
0.290517
0.290918
0.29132
0.291722
0.292124
0.292526
0.292927
0.293329
0.293731
0.294133
0.294534
0.294936
0.295338
0.29574
0.296141
0.296543
0.296945
0.297347
0.297748
0.29815
0.298552
0.298954
0.299355
0.299757
0.300159
0.30056
0.300962
0.301364
0.301765
0.302167
0.302569
0.30297
0.303372
0.303774
0.304175
0.304577
0.304979
0.30538
0.305782
0.306183
0.306585
0.306987
0.307388
0.30779
0.308191
0.308593
0.308994
0.309396
0.309797
0.310199
0.3106
0.311002
0.311403
0.311805
0.312206
0.312608
0.313009
0.313411
0.313812
0.314214
0.314615
0.315017
0.315418
0.315819
0.316221
0.316622
0.317023
0.317425
0.317826
0.318227
0.318629
0.31903
0.319431
0.319833
0.320234
0.320635
0.321036
0.321438
0.321839
0.32224
0.322641
0.323042
0.323444
0.323845
0.324246
0.324647
0.325048
0.325449
0.32585
0.326251
0.326653
0.327054
0.327455
0.327856
0.328257
0.328658
0.329059
0.32946
0.329861
0.330261
0.330662
0.331063
0.331464
0.331865
0.332266
0.332667
0.333068
0.333468
0.333869
0.33427
0.334671
0.335071
0.335472
0.335873
0.336274
0.336674
0.337075
0.337476
0.337876
0.338277
0.338677
0.339078
0.339479
0.339879
0.34028
0.34068
0.341081
0.341481
0.341882
0.342282
0.342682
0.343083
0.343483
0.343884
0.344284
0.344684
0.345085
0.345485
0.345885
0.346285
0.346686
0.347086
0.347486
0.347886
0.348286
0.348686
0.349087
0.349487
0.349887
0.350287
0.350687
0.351087
0.351487
0.351887
0.352287
0.352687
0.353086
0.353486
0.353886
0.354286
0.354686
0.355086
0.355485
0.355885
0.356285
0.356684
0.357084
0.357484
0.357883
0.358283
0.358683
0.359082
0.359482
0.359881
0.360281
0.36068
0.36108
0.361479
0.361878
0.362278
0.362677
0.363076
0.363476
0.363875
0.364274
0.364673
0.365073
0.365472
0.365871
0.36627
0.366669
0.367068
0.367467
0.367866
0.368265
0.368664
0.369063
0.369462
0.369861
0.37026
0.370658
0.371057
0.371456
0.371855
0.372253
0.372652
0.373051
0.373449
0.373848
0.374247
0.374645
0.375044
0.375442
0.375841
0.376239
0.376637
0.377036
0.377434
0.377832
0.378231
0.378629
0.379027
0.379425
0.379824
0.380222
0.38062
0.381018
0.381416
0.381814
0.382212
0.38261
0.383008
0.383406
0.383804
0.384201
0.384599
0.384997
0.385395
0.385792
0.38619
0.386588
0.386985
0.387383
0.387781
0.388178
0.388576
0.388973
0.38937
0.389768
0.390165
0.390563
0.39096
0.391357
0.391754
0.392151
0.392549
0.392946
0.393343
0.39374
0.394137
0.394534
0.394931
0.395328
0.395725
0.396122
0.396518
0.396915
0.397312
0.397709
0.398105
0.398502
0.398899
0.399295
0.399692
0.400088
0.400485
0.400881
0.401278
0.401674
0.40207
0.402466
0.402863
0.403259
0.403655
0.404051
0.404447
0.404843
0.40524
0.405636
0.406031
0.406427
0.406823
0.407219
0.407615
0.408011
0.408406
0.408802
0.409198
0.409593
0.409989
0.410385
0.41078
0.411176
0.411571
0.411966
0.412362
0.412757
0.413152
0.413548
0.413943
0.414338
0.414733
0.415128
0.415523
0.415918
0.416313
0.416708
0.417103
0.417498
0.417892
0.418287
0.418682
0.419077
0.419471
0.419866
0.42026
0.420655
0.421049
0.421444
0.421838
0.422232
0.422627
0.423021
0.423415
0.423809
0.424204
0.424598
0.424992
0.425386
0.42578
0.426174
0.426567
0.426961
0.427355
0.427749
0.428143
0.428536
0.42893
0.429323
0.429717
0.43011
0.430504
0.430897
0.431291
0.431684
0.432077
0.43247
0.432864
0.433257
0.43365
0.434043
0.434436
0.434829
0.435222
0.435615
0.436007
0.4364
0.436793
0.437186
0.437578
0.437971
0.438363
0.438756
0.439148
0.439541
0.439933
0.440325
0.440718
0.44111
0.441502
0.441894
0.442286
0.442678
0.44307
0.443462
0.443854
0.444246
0.444638
0.445029
0.445421
0.445813
0.446204
0.446596
0.446987
0.447379
0.44777
0.448161
0.448553
0.448944
0.449335
0.449726
0.450117
0.450509
0.4509
0.451291
0.451681
0.452072
0.452463
0.452854
0.453245
0.453635
0.454026
0.454416
0.454807
0.455197
0.455588
0.455978
0.456368
0.456759
0.457149
0.457539
0.457929
0.458319
0.458709
0.459099
0.459489
0.459879
0.460269
0.460658
0.461048
0.461438
0.461827
0.462217
0.462606
0.462996
0.463385
0.463774
0.464164
0.464553
0.464942
0.465331
0.46572
0.466109
0.466498
0.466887
0.467276
0.467665
0.468053
0.468442
0.468831
0.469219
0.469608
0.469996
0.470385
0.470773
0.471161
0.47155
0.471938
0.472326
0.472714
0.473102
0.47349
0.473878
0.474266
0.474653
0.475041
0.475429
0.475816
0.476204
0.476592
0.476979
0.477366
0.477754
0.478141
0.478528
0.478915
0.479303
0.47969
0.480077
0.480464
0.480851
0.481237
0.481624
0.482011
0.482398
0.482784
0.483171
0.483557
0.483944
0.48433
0.484716
0.485103
0.485489
0.485875
0.486261
0.486647
0.487033
0.487419
0.487805
0.48819
0.488576
0.488962
0.489347
0.489733
0.490119
0.490504
0.490889
0.491275
0.49166
0.492045
0.49243
0.492815
0.4932
0.493585
0.49397
0.494355
0.49474
0.495124
0.495509
0.495894
0.496278
0.496663
0.497047
0.497431
0.497816
0.4982
0.498584
0.498968
0.499352
0.499736
0.50012
0.500504
0.500888
0.501271
0.501655
0.502039
0.502422
0.502806
0.503189
0.503572
0.503956
0.504339
0.504722
0.505105
0.505488
0.505871
0.506254
0.506637
0.50702
0.507402
0.507785
0.508167
0.50855
0.508932
0.509315
0.509697
0.510079
0.510462
0.510844
0.511226
0.511608
0.51199
0.512372
0.512753
0.513135
0.513517
0.513898
0.51428
0.514661
0.515043
0.515424
0.515806
0.516187
0.516568
0.516949
0.51733
0.517711
0.518092
0.518473
0.518853
0.519234
0.519615
0.519995
0.520376
0.520756
0.521136
0.521517
0.521897
0.522277
0.522657
0.523037
0.523417
0.523797
0.524177
0.524557
0.524936
0.525316
0.525695
0.526075
0.526454
0.526834
0.527213
0.527592
0.527971
0.52835
0.528729
0.529108
0.529487
0.529866
0.530244
0.530623
0.531002
0.53138
0.531759
0.532137
0.532515
0.532893
0.533272
0.53365
0.534028
0.534406
0.534783
0.535161
0.535539
0.535917
0.536294
0.536672
0.537049
0.537427
0.537804
0.538181
0.538558
0.538935
0.539312
0.539689
0.540066
0.540443
0.54082
0.541196
0.541573
0.54195
0.542326
0.542702
0.543079
0.543455
0.543831
0.544207
0.544583
0.544959
0.545335
0.545711
0.546086
0.546462
0.546838
0.547213
0.547589
0.547964
0.548339
0.548714
0.54909
0.549465
0.54984
0.550215
0.550589
0.550964
0.551339
0.551713
0.552088
0.552462
0.552837
0.553211
0.553585
0.55396
0.554334
0.554708
0.555082
0.555456
0.555829
0.556203
0.556577
0.55695
0.557324
0.557697
0.55807
0.558444
0.558817
0.55919
0.559563
0.559936
0.560309
0.560682
0.561054
0.561427
0.5618
0.562172
0.562545
0.562917
0.563289
0.563661
0.564034
0.564406
0.564778
0.56515
0.565521
0.565893
0.566265
0.566636
0.567008
0.567379
0.567751
0.568122
0.568493
0.568864
0.569235
0.569606
0.569977
0.570348
0.570719
0.571089
0.57146
0.57183
0.572201
0.572571
0.572941
0.573311
0.573682
0.574052
0.574421
0.574791
0.575161
0.575531
0.5759
0.57627
0.576639
0.577009
0.577378
0.577747
0.578116
0.578486
0.578855
0.579223
0.579592
0.579961
0.58033
0.580698
0.581067
0.581435
0.581803
0.582172
0.58254
0.582908
0.583276
0.583644
0.584012
0.58438
0.584747
0.585115
0.585482
0.58585
0.586217
0.586585
0.586952
0.587319
0.587686
0.588053
0.58842
0.588786
0.589153
0.58952
0.589886
0.590253
0.590619
0.590986
0.591352
0.591718
0.592084
0.59245
0.592816
0.593182
0.593547
0.593913
0.594278
0.594644
0.595009
0.595375
0.59574
0.596105
0.59647
0.596835
0.5972
0.597565
0.597929
0.598294
0.598659
0.599023
0.599387
0.599752
0.600116
0.60048
0.600844
0.601208
0.601572
0.601936
0.602299
0.602663
0.603027
0.60339
0.603753
0.604117
0.60448
0.604843
0.605206
0.605569
0.605932
0.606294
0.606657
0.60702
0.607382
0.607745
0.608107
0.608469
0.608831
0.609193
0.609555
0.609917
0.610279
0.610641
0.611003
0.611364
0.611726
0.612087
0.612448
0.61281
0.613171
0.613532
0.613893
0.614253
0.614614
0.614975
0.615336
0.615696
0.616056
0.616417
0.616777
0.617137
0.617497
0.617857
0.618217
0.618577
0.618937
0.619296
0.619656
0.620015
0.620375
0.620734
0.621093
0.621452
0.621811
0.62217
0.622529
0.622888
0.623247
0.623605
0.623964
0.624322
0.62468
0.625039
0.625397
0.625755
0.626113
0.626471
0.626828
0.627186
0.627544
0.627901
0.628258
0.628616
0.628973
0.62933
0.629687
0.630044
0.630401
0.630758
0.631115
0.631471
0.631828
0.632184
0.63254
0.632897
0.633253
0.633609
0.633965
0.634321
0.634676
0.635032
0.635388
0.635743
0.636099
0.636454
0.636809
0.637164
0.637519
0.637874
0.638229
0.638584
0.638939
0.639293
0.639648
0.640002
0.640357
0.640711
0.641065
0.641419
0.641773
0.642127
0.642481
0.642834
0.643188
0.643541
0.643895
0.644248
0.644601
0.644954
0.645307
0.64566
0.646013
0.646366
0.646719
0.647071
0.647424
0.647776
0.648128
0.648481
0.648833
0.649185
0.649537
0.649888
0.65024
0.650592
0.650943
0.651295
0.651646
0.651997
0.652348
0.6527
0.653051
0.653401
0.653752
0.654103
0.654453
0.654804
0.655154
0.655505
0.655855
0.656205
0.656555
0.656905
0.657255
0.657605
0.657954
0.658304
0.658653
0.659003
0.659352
0.659701
0.66005
0.660399
0.660748
0.661097
0.661445
0.661794
0.662143
0.662491
0.662839
0.663187
0.663536
0.663884
0.664232
0.664579
0.664927
0.665275
0.665622
0.66597
0.666317
0.666664
0.667012
0.667359
0.667706
0.668052
0.668399
0.668746
0.669092
0.669439
0.669785
0.670132
0.670478
0.670824
0.67117
0.671516
0.671862
