0.001
0.00139586
0.00179163
0.0021874
0.00258317
0.00297895
0.00337473
0.00377051
0.00416629
0.00456208
0.00495787
0.00535366
0.00574945
0.00614525
0.00654105
0.00693685
0.00733265
0.00772846
0.00812427
0.00852008
0.00891589
0.00931171
0.00970753
0.0101033
0.0104992
0.010895
0.0112908
0.0116867
0.0120825
0.0124783
0.0128742
0.01327
0.0136659
0.0140617
0.0144575
0.0148534
0.0152493
0.0156451
0.016041
0.0164368
0.0168327
0.0172286
0.0176244
0.0180203
0.0184162
0.0188121
0.0192079
0.0196038
0.0199997
0.0203956
0.0207915
0.0211874
0.0215833
0.0219792
0.0223751
0.022771
0.0231669
0.0235628
0.0239587
0.0243546
0.0247505
0.0251464
0.0255423
0.0259383
0.0263342
0.0267301
0.027126
0.027522
0.0279179
0.0283138
0.0287098
0.0291057
0.0295017
0.0298976
0.0302935
0.0306895
0.0310855
0.0314814
0.0318774
0.0322733
0.0326693
0.0330653
0.0334612
0.0338572
0.0342532
0.0346491
0.0350451
0.0354411
0.0358371
0.0362331
0.0366291
0.037025
0.037421
0.037817
0.038213
0.038609
0.039005
0.039401
0.039797
0.040193
0.0405891
0.0409851
0.0413811
0.0417771
0.0421731
0.0425692
0.0429652
0.0433612
0.0437572
0.0441533
0.0445493
0.0449453
0.0453414
0.0457374
0.0461335
0.0465295
0.0469256
0.0473216
0.0477177
0.0481137
0.0485098
0.0489059
0.0493019
0.049698
0.0500941
0.0504901
0.0508862
0.0512823
0.0516783
0.0520744
0.0524705
0.0528666
0.0532627
0.0536588
0.0540549
0.054451
0.0548471
0.0552432
0.0556393
0.0560354
0.0564315
0.0568276
0.0572237
0.0576198
0.0580159
0.058412
0.0588082
0.0592043
0.0596004
0.0599965
0.0603927
0.0607888
0.0611849
0.0615811
0.0619772
0.0623733
0.0627695
0.0631656
0.0635618
0.0639579
0.0643541
0.0647502
0.0651464
0.0655426
0.0659387
0.0663349
0.066731
0.0671272
0.0675234
0.0679196
0.0683157
0.0687119
0.0691081
0.0695043
0.0699005
0.0702966
0.0706928
0.071089
0.0714852
0.0718814
0.0722776
0.0726738
0.07307
0.0734662
0.0738624
0.0742586
0.0746548
0.0750511
0.0754473
0.0758435
0.0762397
0.0766359
0.0770322
0.0774284
0.0778246
0.0782208
0.0786171
0.0790133
0.0794096
0.0798058
0.080202
0.0805983
0.0809945
0.0813908
0.081787
0.0821833
0.0825795
0.0829758
0.0833721
0.0837683
0.0841646
0.0845608
0.0849571
0.0853534
0.0857497
0.0861459
0.0865422
0.0869385
0.0873348
0.0877311
0.0881273
0.0885236
0.0889199
0.0893162
0.0897125
0.0901088
0.0905051
0.0909014
0.0912977
0.091694
0.0920903
0.0924866
0.0928829
0.0932793
0.0936756
0.0940719
0.0944682
0.0948645
0.0952609
0.0956572
0.0960535
0.0964498
0.0968462
0.0972425
0.0976389
0.0980352
0.0984315
0.0988279
0.0992242
0.0996206
0.100017
0.100413
0.10081
0.101206
0.101602
0.101999
0.102395
0.102791
0.103188
0.103584
0.103981
0.104377
0.104773
0.10517
0.105566
0.105962
0.106359
0.106755
0.107152
0.107548
0.107944
0.108341
0.108737
0.109134
0.10953
0.109926
0.110323
0.110719
0.111116
0.111512
0.111908
0.112305
0.112701
0.113098
0.113494
0.11389
0.114287
0.114683
0.11508
0.115476
0.115873
0.116269
0.116665
0.117062
0.117458
0.117855
0.118251
0.118648
0.119044
0.119441
0.119837
0.120233
0.12063
0.121026
0.121423
0.121819
0.122216
0.122612
0.123009
0.123405
0.123802
0.124198
0.124595
0.124991
0.125387
0.125784
0.12618
0.126577
0.126973
0.12737
0.127766
0.128163
0.128559
0.128956
0.129352
0.129749
0.130145
0.130542
0.130938
0.131335
0.131731
0.132128
0.132524
0.132921
0.133317
0.133714
0.13411
0.134507
0.134903
0.1353
0.135697
0.136093
0.13649
0.136886
0.137283
0.137679
0.138076
0.138472
0.138869
0.139265
0.139662
0.140058
0.140455
0.140852
0.141248
0.141645
0.142041
0.142438
0.142834
0.143231
0.143627
0.144024
0.144421
0.144817
0.145214
0.14561
0.146007
0.146403
0.1468
0.147197
0.147593
0.14799
0.148386
0.148783
0.149179
0.149576
0.149973
0.150369
0.150766
0.151162
0.151559
0.151956
0.152352
0.152749
0.153145
0.153542
0.153939
0.154335
0.154732
0.155128
0.155525
0.155922
0.156318
0.156715
0.157111
0.157508
0.157905
0.158301
0.158698
0.159095
0.159491
0.159888
0.160284
0.160681
0.161078
0.161474
0.161871
0.162268
0.162664
0.163061
0.163458
0.163854
0.164251
0.164648
0.165044
0.165441
0.165837
0.166234
0.166631
0.167027
0.167424
0.167821
0.168217
0.168614
0.169011
0.169407
0.169804
0.170201
0.170597
0.170994
0.171391
0.171787
0.172184
0.172581
0.172977
0.173374
0.173771
0.174168
0.174564
0.174961
0.175358
0.175754
0.176151
0.176548
0.176944
0.177341
0.177738
0.178134
0.178531
0.178928
0.179325
0.179721
0.180118
0.180515
0.180911
0.181308
0.181705
0.182102
0.182498
0.182895
0.183292
0.183688
0.184085
0.184482
0.184879
0.185275
0.185672
0.186069
0.186465
0.186862
0.187259
0.187656
0.188052
0.188449
0.188846
0.189243
0.189639
0.190036
0.190433
0.19083
0.191226
0.191623
0.19202
0.192417
0.192813
0.19321
0.193607
0.194004
0.1944
0.194797
0.195194
0.195591
0.195987
0.196384
0.196781
0.197178
0.197574
0.197971
0.198368
0.198765
0.199161
0.199558
0.199955
0.200352
0.200749
0.201145
0.201542
0.201939
0.202336
0.202732
0.203129
0.203526
0.203923
0.20432
0.204716
0.205113
0.20551
0.205907
0.206304
0.2067
0.207097
0.207494
0.207891
0.208288
0.208684
0.209081
0.209478
0.209875
0.210272
0.210668
0.211065
0.211462
0.211859
0.212256
0.212652
0.213049
0.213446
0.213843
0.21424
0.214636
0.215033
0.21543
0.215827
0.216224
0.216621
0.217017
0.217414
0.217811
0.218208
0.218605
0.219001
0.219398
0.219795
0.220192
0.220589
0.220986
0.221382
0.221779
0.222176
0.222573
0.22297
0.223367
0.223763
0.22416
0.224557
0.224954
0.225351
0.225748
0.226145
0.226541
0.226938
0.227335
0.227732
0.228129
0.228526
0.228922
0.229319
0.229716
0.230113
0.23051
0.230907
0.231304
0.2317
0.232097
0.232494
0.232891
0.233288
0.233685
0.234082
0.234479
0.234875
0.235272
0.235669
0.236066
0.236463
0.23686
0.237257
0.237653
0.23805
0.238447
0.238844
0.239241
0.239638
0.240035
0.240432
0.240828
0.241225
0.241622
0.242019
0.242416
0.242813
0.24321
0.243607
0.244004
0.2444
0.244797
0.245194
0.245591
0.245988
0.246385
0.246782
0.247179
0.247575
0.247972
0.248369
0.248766
0.249163
0.24956
0.249957
0.250354
0.250751
0.251148
0.251544
0.251941
0.252338
0.252735
0.253132
0.253529
0.253926
0.254323
0.25472
0.255117
0.255513
0.25591
0.256307
0.256704
0.257101
0.257498
0.257895
0.258292
0.258689
0.259086
0.259483
0.259879
0.260276
0.260673
0.26107
0.261467
0.261864
0.262261
0.262658
0.263055
0.263452
0.263849
0.264245
0.264642
0.265039
0.265436
0.265833
0.26623
0.266627
0.267024
0.267421
0.267818
0.268215
0.268612
0.269008
0.269405
0.269802
0.270199
0.270596
0.270993
0.27139
0.271787
0.272184
0.272581
0.272978
0.273375
0.273772
0.274169
0.274565
0.274962
0.275359
0.275756
0.276153
0.27655
0.276947
0.277344
0.277741
0.278138
0.278535
0.278932
0.279329
0.279726
0.280122
0.280519
0.280916
0.281313
0.28171
0.282107
0.282504
0.282901
0.283298
0.283695
0.284092
0.284489
0.284886
0.285283
0.28568
0.286076
0.286473
0.28687
0.287267
0.287664
0.288061
0.288458
0.288855
0.289252
0.289649
0.290046
0.290443
0.29084
0.291237
0.291634
0.292031
0.292428
0.292824
0.293221
0.293618
0.294015
0.294412
0.294809
0.295206
0.295603
0.296
0.296397
0.296794
0.297191
0.297588
0.297985
0.298382
0.298779
0.299175
0.299572
0.299969
0.300366
0.300763
0.30116
0.301557
0.301954
0.302351
0.302748
0.303145
0.303542
0.303939
0.304336
0.304733
0.30513
0.305527
0.305924
0.30632
0.306717
0.307114
0.307511
0.307908
0.308305
0.308702
0.309099
0.309496
0.309893
0.31029
0.310687
0.311084
0.311481
0.311878
0.312275
0.312672
0.313068
0.313465
0.313862
0.314259
0.314656
0.315053
0.31545
0.315847
0.316244
0.316641
0.317038
0.317435
0.317832
0.318229
0.318626
0.319023
0.319419
0.319816
0.320213
0.32061
0.321007
0.321404
0.321801
0.322198
0.322595
0.322992
0.323389
0.323785
0.324182
0.324579
0.324976
0.325373
0.32577
0.326167
0.326564
0.32696
0.327357
0.327754
0.328151
0.328548
0.328945
0.329342
0.329738
0.330135
0.330532
0.330929
0.331326
0.331722
0.332119
0.332516
0.332913
0.333309
0.333706
0.334103
0.3345
0.334896
0.335293
0.33569
0.336087
0.336483
0.33688
0.337277
0.337673
0.33807
0.338467
0.338863
0.33926
0.339657
0.340053
0.34045
0.340846
0.341243
0.341639
0.342036
0.342433
0.342829
0.343226
0.343622
0.344019
0.344415
0.344812
0.345208
0.345605
0.346001
0.346397
0.346794
0.34719
0.347587
0.347983
0.348379
0.348776
0.349172
0.349568
0.349965
0.350361
0.350757
0.351154
0.35155
0.351946
0.352342
0.352738
0.353135
0.353531
0.353927
0.354323
0.354719
0.355115
0.355511
0.355907
0.356304
0.3567
0.357096
0.357492
0.357888
0.358284
0.35868
0.359075
0.359471
0.359867
0.360263
0.360659
0.361055
0.361451
0.361846
0.362242
0.362638
0.363034
0.36343
0.363825
0.364221
0.364617
0.365012
0.365408
0.365803
0.366199
0.366595
0.36699
0.367386
0.367781
0.368177
0.368572
0.368967
0.369363
0.369758
0.370154
0.370549
0.370944
0.37134
0.371735
0.37213
0.372525
0.372921
0.373316
0.373711
0.374106
0.374501
0.374896
0.375291
0.375686
0.376081
0.376476
0.376871
0.377266
0.377661
0.378056
0.378451
0.378845
0.37924
0.379635
0.38003
0.380424
0.380819
0.381214
0.381608
0.382003
0.382398
0.382792
0.383187
0.383581
0.383976
0.38437
0.384764
0.385159
0.385553
0.385947
0.386342
0.386736
0.38713
0.387524
0.387918
0.388313
0.388707
0.389101
0.389495
0.389889
0.390283
0.390677
0.391071
0.391464
0.391858
0.392252
0.392646
0.39304
0.393433
0.393827
0.394221
0.394614
0.395008
0.395401
0.395795
0.396188
0.396582
0.396975
0.397368
0.397762
0.398155
0.398548
0.398941
0.399335
0.399728
0.400121
0.400514
0.400907
0.4013
0.401693
0.402086
0.402479
0.402872
0.403264
0.403657
0.40405
0.404443
0.404835
0.405228
0.40562
0.406013
0.406406
0.406798
0.40719
0.407583
0.407975
0.408367
0.40876
0.409152
0.409544
0.409936
0.410328
0.41072
0.411112
0.411504
0.411896
0.412288
0.41268
0.413072
0.413464
0.413855
0.414247
0.414639
0.41503
0.415422
0.415813
0.416205
0.416596
0.416987
0.417379
0.417769
0.41816
0.41855
0.418939
0.419329
0.419718
0.420106
0.420494
0.420882
0.421269
0.421656
0.422042
0.422428
0.422814
0.423199
0.423584
0.423969
0.424353
0.424737
0.42512
0.425503
0.425886
0.426268
0.42665
0.427031
0.427412
0.427793
0.428173
0.428553
0.428933
0.429312
0.429691
0.43007
0.430448
0.430826
0.431203
0.43158
0.431957
0.432333
0.432709
0.433085
0.43346
0.433835
0.434209
0.434583
0.434957
0.435331
0.435704
0.436076
0.436449
0.436821
0.437193
0.437564
0.437935
0.438306
0.438676
0.439046
0.439415
0.439785
0.440154
0.440522
0.44089
0.441258
0.441626
0.441993
0.44236
0.442726
0.443093
0.443459
0.443824
0.444189
0.444554
0.444919
0.445283
0.445647
0.44601
0.446373
0.446736
0.447099
0.447461
0.447823
0.448185
0.448546
0.448907
0.449267
0.449628
0.449987
0.450347
0.450706
0.451065
0.451424
0.451782
0.45214
0.452498
0.452856
0.453213
0.453569
0.453926
0.454282
0.454638
0.454993
0.455349
0.455704
0.456058
0.456412
0.456766
0.45712
0.457473
0.457827
0.458179
0.458532
0.458884
0.459236
0.459587
0.459938
0.460289
0.46064
0.46099
0.46134
0.46169
0.46204
0.462389
0.462738
0.463086
0.463434
0.463782
0.46413
0.464477
0.464825
0.465171
0.465518
0.465864
0.46621
0.466556
0.466901
0.467246
0.467591
0.467935
0.468279
0.468623
0.468967
0.46931
0.469653
0.469996
0.470339
0.470681
0.471023
0.471364
0.471706
0.472047
0.472388
0.472728
0.473069
0.473409
0.473748
0.474088
0.474427
0.474766
0.475104
0.475443
0.475781
0.476118
0.476456
0.476793
0.47713
0.477467
0.477803
0.478139
0.478475
0.478811
0.479146
0.479481
0.479816
0.480151
0.480485
0.480819
0.481153
0.481486
0.481819
0.482152
0.482485
0.482818
0.48315
0.483482
0.483813
0.484145
0.484476
0.484807
0.485137
0.485468
0.485798
0.486128
0.486457
0.486787
0.487116
0.487445
0.487773
0.488101
0.488429
0.488757
0.489085
0.489412
0.489739
0.490066
0.490393
0.490719
0.491045
0.491371
0.491696
0.492022
0.492347
0.492671
0.492996
0.49332
0.493644
0.493968
0.494292
0.494615
0.494938
0.495261
0.495584
0.495906
0.496228
0.49655
0.496872
0.497193
0.497514
0.497835
0.498156
0.498476
0.498796
0.499116
0.499436
0.499756
0.500075
0.500394
0.500713
0.501031
0.501349
0.501667
0.501985
0.502303
0.50262
0.502937
0.503254
0.503571
0.503887
0.504204
0.50452
0.504835
0.505151
0.505466
0.505781
0.506096
0.506411
0.506725
0.507039
0.507353
0.507667
0.50798
0.508293
0.508606
0.508919
0.509232
0.509544
0.509856
0.510168
0.510479
0.510791
0.511102
0.511413
0.511724
0.512034
0.512345
0.512655
0.512965
0.513274
0.513584
0.513893
0.514202
0.514511
0.514819
0.515127
0.515436
0.515743
0.516051
0.516359
0.516666
0.516973
0.51728
0.517586
0.517893
0.518199
0.518505
0.51881
0.519116
0.519421
0.519726
0.520031
0.520336
0.52064
0.520945
0.521249
0.521552
0.521856
0.522159
0.522463
0.522766
0.523068
0.523371
0.523673
0.523975
0.524277
0.524579
0.524881
0.525182
0.525483
0.525784
0.526085
0.526385
0.526685
0.526985
0.527285
0.527585
0.527884
0.528184
0.528483
0.528781
0.52908
0.529379
0.529677
0.529975
0.530273
0.53057
0.530868
0.531165
0.531462
0.531759
0.532055
0.532352
0.532648
0.532944
0.53324
0.533535
0.533831
0.534126
0.534421
0.534716
0.535011
0.535305
0.535599
0.535893
0.536187
0.536481
0.536774
0.537068
0.537361
0.537654
0.537946
0.538239
0.538531
0.538823
0.539115
0.539407
0.539698
0.53999
0.540281
0.540572
0.540862
0.541153
0.541443
0.541733
0.542023
0.542313
0.542603
0.542892
0.543181
0.54347
0.543759
0.544048
0.544336
0.544625
0.544913
0.545201
0.545488
0.545776
0.546063
0.54635
0.546637
0.546924
0.547211
0.547497
0.547783
0.548069
0.548355
0.548641
0.548926
0.549212
0.549497
0.549782
0.550067
0.550351
0.550635
0.55092
0.551204
0.551488
0.551771
0.552055
0.552338
0.552621
0.552904
0.553187
0.553469
0.553752
0.554034
0.554316
0.554598
0.554879
0.555161
0.555442
0.555723
0.556004
0.556285
0.556566
0.556846
0.557126
0.557406
0.557686
0.557966
0.558245
0.558525
0.558804
0.559083
0.559362
0.55964
0.559919
0.560197
0.560475
0.560753
0.561031
0.561309
0.561586
0.561863
0.56214
0.562417
0.562694
0.562971
0.563247
0.563523
0.563799
0.564075
0.564351
0.564626
0.564902
0.565177
0.565452
0.565727
0.566001
0.566276
0.56655
0.566824
0.567098
0.567372
0.567646
0.567919
0.568193
0.568466
0.568739
0.569012
0.569284
0.569557
0.569829
0.570101
0.570373
0.570645
0.570916
0.571188
0.571459
0.57173
0.572001
0.572272
0.572543
0.572813
0.573084
0.573354
0.573624
0.573893
0.574163
0.574433
0.574702
0.574971
0.57524
0.575509
0.575777
0.576046
0.576314
0.576582
0.57685
0.577118
0.577386
0.577654
0.577921
0.578188
0.578455
0.578722
0.578989
0.579255
0.579522
0.579788
0.580054
0.58032
0.580586
0.580851
0.581117
0.581382
0.581647
0.581912
0.582177
0.582441
0.582706
0.58297
0.583234
0.583498
0.583762
0.584026
0.584289
0.584553
0.584816
0.585079
0.585342
0.585604
0.585867
0.586129
0.586392
0.586654
0.586916
0.587178
0.587439
0.587701
0.587962
0.588223
0.588484
0.588745
0.589006
0.589266
0.589527
0.589787
0.590047
0.590307
0.590567
0.590826
0.591086
0.591345
0.591604
0.591863
0.592122
0.592381
0.59264
0.592898
0.593156
0.593414
0.593672
0.59393
0.594188
0.594445
0.594703
0.59496
0.595217
0.595474
0.59573
0.595987
0.596243
0.5965
0.596756
0.597012
0.597268
0.597523
0.597779
0.598034
0.598289
0.598545
0.5988
0.599054
0.599309
0.599563
0.599818
0.600072
0.600326
0.60058
0.600834
0.601087
0.601341
0.601594
0.601847
0.6021
0.602353
0.602606
0.602858
0.603111
0.603363
0.603615
0.603867
0.604119
0.604371
0.604622
0.604874
0.605125
0.605376
0.605627
0.605878
0.606129
0.606379
0.60663
0.60688
0.60713
0.60738
0.60763
0.607879
0.608129
0.608378
0.608628
0.608877
0.609126
0.609374
0.609623
0.609872
0.61012
0.610368
0.610616
0.610864
0.611112
0.61136
0.611607
0.611855
0.612102
0.612349
0.612596
0.612843
0.61309
0.613336
0.613583
0.613829
0.614075
0.614321
0.614567
0.614812
0.615058
0.615303
0.615549
0.615794
0.616039
0.616284
0.616528
0.616773
0.617017
0.617262
0.617506
0.61775
0.617994
0.618238
0.618481
0.618725
0.618968
0.619211
0.619454
0.619697
0.61994
0.620183
0.620425
0.620668
0.62091
0.621152
0.621394
0.621636
0.621877
0.622119
0.62236
0.622602
0.622843
0.623084
0.623325
0.623565
0.623806
0.624046
0.624287
0.624527
0.624767
0.625007
0.625247
0.625486
0.625726
0.625965
0.626204
0.626444
0.626683
0.626921
0.62716
0.627399
0.627637
0.627875
0.628114
0.628352
0.62859
0.628827
0.629065
0.629302
0.62954
0.629777
0.630014
0.630251
0.630488
0.630725
0.630961
0.631198
0.631434
0.63167
0.631906
0.632142
0.632378
0.632614
0.632849
0.633085
0.63332
0.633555
0.63379
0.634025
0.63426
0.634494
0.634729
0.634963
0.635197
0.635431
0.635665
0.635899
0.636133
0.636366
0.6366
0.636833
0.637066
0.637299
0.637532
0.637765
0.637998
0.63823
0.638462
0.638695
0.638927
0.639159
0.639391
0.639622
0.639854
0.640086
0.640317
0.640548
0.640779
0.64101
0.641241
0.641472
0.641702
0.641933
0.642163
0.642393
0.642623
0.642853
0.643083
0.643313
0.643543
0.643772
0.644001
0.64423
0.64446
0.644688
0.644917
0.645146
0.645375
0.645603
0.645831
0.646059
0.646287
0.646515
0.646743
0.646971
0.647198
0.647426
0.647653
0.64788
0.648107
0.648334
0.648561
0.648788
0.649014
0.649241
0.649467
0.649693
0.649919
0.650145
0.650371
0.650597
0.650822
0.651048
0.651273
0.651498
0.651723
0.651948
0.652173
0.652398
0.652622
0.652847
0.653071
0.653295
0.653519
0.653743
0.653967
0.654191
0.654414
0.654638
0.654861
0.655084
0.655307
0.65553
0.655753
0.655976
0.656198
0.656421
0.656643
0.656865
0.657088
0.657309
0.657531
0.657753
0.657975
0.658196
0.658418
0.658639
0.65886
0.659081
0.659302
0.659523
0.659743
0.659964
0.660184
0.660404
0.660625
0.660845
0.661065
0.661284
0.661504
0.661724
0.661943
0.662162
0.662382
0.662601
0.66282
0.663038
0.663257
0.663476
0.663694
0.663913
0.664131
0.664349
0.664567
0.664785
0.665003
0.66522
0.665438
0.665655
0.665873
0.66609
0.666307
0.666524
0.66674
0.666957
0.667174
0.66739
0.667607
0.667823
0.668039
0.668255
0.668471
0.668686
0.668902
0.669118
0.669333
0.669548
0.669763
0.669979
0.670193
0.670408
0.670623
0.670837
0.671052
0.671266
0.671481
0.671695
0.671909
0.672122
0.672336
0.67255
0.672763
0.672977
0.67319
0.673403
0.673616
0.673829
0.674042
0.674255
0.674467
0.67468
0.674892
0.675104
0.675317
0.675529
0.67574
0.675952
0.676164
0.676375
0.676587
0.676798
0.677009
0.67722
0.677431
0.677642
0.677853
0.678064
0.678274
0.678485
0.678695
0.678905
0.679115
0.679325
0.679535
0.679744
0.679954
0.680164
0.680373
0.680582
0.680791
0.681
0.681209
0.681418
0.681627
0.681835
0.682044
0.682252
0.68246
0.682668
0.682876
0.683084
0.683292
0.6835
0.683707
0.683915
0.684122
0.684329
0.684536
0.684743
0.68495
0.685157
0.685363
0.68557
0.685776
0.685983
0.686189
0.686395
0.686601
0.686807
0.687012
0.687218
0.687424
0.687629
0.687834
0.688039
0.688244
0.688449
0.688654
0.688859
0.689064
0.689268
0.689472
0.689677
0.689881
0.690085
0.690289
0.690493
0.690696
0.6909
0.691103
0.691307
0.69151
0.691713
0.691916
0.692119
0.692322
0.692525
0.692727
0.69293
0.693132
0.693335
0.693537
0.693739
0.693941
0.694143
0.694344
0.694546
0.694747
0.694949
0.69515
0.695351
0.695552
0.695753
0.695954
0.696155
0.696355
0.696556
0.696756
0.696957
0.697157
0.697357
0.697557
0.697757
0.697956
0.698156
0.698355
0.698555
0.698754
0.698953
0.699152
0.699351
0.69955
0.699749
0.699948
0.700146
0.700345
0.700543
0.700741
0.700939
0.701137
0.701335
0.701533
0.70173
0.701928
0.702125
0.702323
0.70252
0.702717
0.702914
0.703111
0.703308
0.703505
0.703701
0.703898
0.704094
0.70429
0.704486
0.704682
0.704878
0.705074
0.70527
0.705465
0.705661
0.705856
0.706052
0.706247
0.706442
0.706637
0.706832
0.707026
0.707221
0.707416
0.70761
0.707804
0.707998
0.708193
0.708387
0.70858
0.708774
0.708968
0.709161
0.709355
0.709548
0.709742
0.709935
0.710128
0.710321
0.710513
0.710706
0.710899
0.711091
0.711284
0.711476
0.711668
0.71186
0.712052
0.712244
0.712436
0.712627
0.712819
0.71301
0.713202
0.713393
0.713584
0.713775
0.713966
0.714157
0.714347
0.714538
0.714728
0.714919
0.715109
0.715299
0.715489
0.715679
0.715869
0.716059
0.716248
0.716438
0.716627
0.716817
0.717006
0.717195
0.717384
0.717573
0.717762
0.71795
0.718139
0.718327
0.718516
0.718704
0.718892
0.71908
0.719268
0.719456
0.719644
0.719831
0.720019
0.720206
0.720394
0.720581
0.720768
0.720955
0.721142
0.721329
0.721515
0.721702
0.721888
0.722075
0.722261
0.722447
0.722633
0.722819
0.723005
0.723191
0.723376
0.723562
0.723747
0.723933
0.724118
0.724303
0.724488
0.724673
0.724858
0.725043
0.725227
0.725412
0.725596
0.72578
0.725965
0.726149
0.726333
0.726516
0.7267
0.726884
0.727067
0.727251
0.727434
0.727618
0.727801
0.727984
0.728167
0.72835
0.728532
0.728715
0.728897
0.72908
0.729262
0.729444
0.729627
0.729809
0.729991
0.730172
0.730354
0.730536
0.730717
0.730899
0.73108
0.731261
0.731442
0.731623
0.731804
0.731985
0.732165
0.732346
0.732527
0.732707
0.732887
0.733067
0.733247
0.733427
0.733607
0.733787
0.733967
0.734146
0.734326
0.734505
0.734684
0.734863
0.735042
0.735221
0.7354
0.735579
0.735758
0.735936
0.736115
0.736293
0.736471
0.736649
0.736827
0.737005
0.737183
0.737361
0.737538
0.737716
0.737893
0.738071
0.738248
0.738425
0.738602
0.738779
0.738956
0.739132
0.739309
0.739485
0.739662
0.739838
0.740014
0.74019
0.740366
0.740542
0.740718
0.740894
0.741069
0.741245
0.74142
0.741595
0.741771
0.741946
0.742121
0.742296
0.74247
0.742645
0.74282
0.742994
0.743168
0.743343
0.743517
0.743691
0.743865
0.744039
0.744213
0.744386
0.74456
0.744733
0.744907
0.74508
0.745253
0.745426
0.745599
0.745772
0.745945
0.746117
0.74629
0.746462
0.746635
0.746807
0.746979
0.747151
0.747323
0.747495
0.747667
0.747838
0.74801
0.748181
0.748353
0.748524
0.748695
0.748866
0.749037
0.749208
0.749379
0.749549
0.74972
0.74989
0.750061
0.750231
0.750401
0.750571
0.750741
0.750911
0.75108
0.75125
0.75142
0.751589
0.751758
0.751928
0.752097
0.752266
0.752435
0.752603
0.752772
0.752941
0.753109
0.753278
0.753446
0.753614
0.753782
0.75395
0.754118
0.754286
0.754454
0.754621
0.754789
0.754956
0.755123
0.755291
0.755458
0.755625
0.755792
0.755958
0.756125
0.756292
0.756458
0.756624
0.756791
0.756957
0.757123
0.757289
0.757455
0.75762
0.757786
0.757952
0.758117
0.758282
0.758448
0.758613
0.758778
0.758943
0.759108
0.759272
0.759437
0.759601
0.759766
0.75993
0.760094
0.760258
0.760422
0.760586
0.76075
0.760914
0.761077
0.761241
0.761404
0.761568
0.761731
0.761894
0.762057
0.76222
0.762382
0.762545
0.762708
0.76287
0.763032
0.763195
0.763357
0.763519
0.763681
0.763843
0.764004
0.764166
0.764328
0.764489
0.76465
0.764812
0.764973
0.765134
0.765295
0.765455
0.765616
0.765777
0.765937
0.766097
0.766258
0.766418
0.766578
0.766738
0.766898
0.767058
0.767217
0.767377
0.767536
0.767696
0.767855
0.768014
0.768173
0.768332
0.768491
0.768649
0.768808
0.768967
0.769125
0.769283
0.769441
0.7696
0.769757
0.769915
0.770073
0.770231
0.770388
0.770546
0.770703
0.77086
0.771018
0.771175
0.771332
0.771488
0.771645
0.771802
0.771958
0.772115
0.772271
0.772427
0.772583
0.772739
0.772895
0.773051
0.773207
0.773362
0.773518
0.773673
0.773828
0.773984
0.774139
0.774294
0.774448
0.774603
0.774758
0.774912
0.775067
0.775221
0.775375
0.775529
0.775683
0.775837
0.775991
0.776145
0.776298
0.776452
0.776605
0.776758
0.776911
0.777065
0.777217
0.77737
0.777523
0.777676
0.777828
0.777981
0.778133
0.778285
0.778437
0.778589
0.778741
0.778893
0.779045
0.779196
0.779348
0.779499
0.77965
0.779801
0.779952
0.780103
0.780254
0.780405
0.780556
0.780706
0.780856
0.781007
0.781157
0.781307
0.781457
0.781607
0.781757
0.781906
0.782056
0.782205
0.782355
0.782504
0.782653
0.782802
0.782951
0.7831
0.783248
0.783397
0.783546
0.783694
0.783842
0.78399
0.784139
0.784286
0.784434
0.784582
0.78473
0.784877
0.785025
0.785172
0.785319
0.785466
0.785613
0.78576
0.785907
0.786054
0.7862
0.786347
0.786493
0.786639
0.786786
0.786932
0.787078
0.787223
0.787369
0.787515
0.78766
0.787806
0.787951
0.788096
0.788241
0.788386
0.788531
0.788676
0.78882
0.788965
0.789109
0.789254
0.789398
0.789542
0.789686
0.78983
0.789974
0.790118
0.790261
0.790405
0.790548
0.790691
0.790834
0.790977
0.79112
0.791263
0.791406
0.791549
0.791691
0.791834
0.791976
0.792118
0.79226
0.792402
0.792544
0.792686
0.792827
0.792969
0.79311
0.793252
0.793393
0.793534
0.793675
0.793816
0.793957
0.794097
0.794238
0.794379
0.794519
0.794659
0.794799
0.794939
0.795079
0.795219
0.795359
0.795498
0.795638
0.795777
0.795917
0.796056
0.796195
0.796334
0.796473
0.796611
0.79675
0.796889
0.797027
0.797165
0.797304
0.797442
0.79758
0.797718
0.797855
0.797993
0.798131
0.798268
0.798405
0.798543
0.79868
0.798817
0.798954
0.799091
0.799227
0.799364
0.7995
0.799637
0.799773
0.799909
0.800045
0.800181
0.800317
0.800453
0.800588
0.800724
0.800859
0.800995
0.80113
0.801265
0.8014
0.801535
0.80167
0.801804
0.801939
0.802073
0.802207
0.802342
0.802476
0.80261
0.802744
0.802877
0.803011
0.803145
0.803278
0.803412
0.803545
0.803678
0.803811
0.803944
0.804077
0.804209
0.804342
0.804474
0.804607
0.804739
0.804871
0.805003
0.805135
0.805267
0.805399
0.80553
0.805662
0.805793
0.805925
0.806056
0.806187
0.806318
0.806449
0.80658
0.80671
0.806841
0.806971
0.807101
0.807232
0.807362
0.807492
0.807622
0.807751
0.807881
0.808011
0.80814
0.808269
0.808399
0.808528
0.808657
0.808786
0.808915
0.809043
0.809172
0.8093
0.809429
0.809557
0.809685
0.809813
0.809941
0.810069
0.810197
0.810324
0.810452
0.810579
0.810706
0.810833
0.810961
0.811087
0.811214
0.811341
0.811468
0.811594
0.811721
0.811847
0.811973
0.812099
0.812225
0.812351
0.812477
0.812602
0.812728
0.812853
0.812979
0.813104
0.813229
0.813354
0.813479
0.813604
0.813728
0.813853
0.813977
0.814102
0.814226
0.81435
0.814474
0.814598
0.814722
0.814845
0.814969
0.815092
0.815216
0.815339
0.815462
0.815585
0.815708
0.815831
0.815954
0.816076
0.816199
0.816321
0.816443
0.816566
0.816688
0.81681
0.816931
0.817053
0.817175
0.817296
0.817418
0.817539
0.81766
0.817781
0.817902
0.818023
0.818144
0.818264
0.818385
0.818505
0.818626
0.818746
0.818866
0.818986
0.819106
0.819226
0.819345
0.819465
0.819584
0.819704
0.819823
0.819942
0.820061
0.82018
0.820299
0.820417
0.820536
0.820654
0.820773
0.820891
0.821009
0.821127
0.821245
0.821363
0.82148
0.821598
0.821715
0.821833
0.82195
0.822067
0.822184
0.822301
0.822418
0.822535
0.822651
0.822768
0.822884
0.823001
0.823117
0.823233
0.823349
0.823465
0.82358
0.823696
0.823811
0.823927
0.824042
0.824157
0.824272
0.824387
0.824502
0.824617
0.824732
0.824846
0.824961
0.825075
0.825189
0.825303
0.825417
0.825531
0.825645
0.825758
0.825872
0.825985
0.826099
0.826212
0.826325
0.826438
0.826551
0.826664
0.826776
0.826889
0.827001
0.827114
0.827226
0.827338
0.82745
0.827562
0.827674
0.827786
0.827897
0.828009
0.82812
0.828231
0.828342
0.828454
0.828564
0.828675
0.828786
0.828897
0.829007
0.829117
0.829228
0.829338
0.829448
0.829558
0.829668
0.829778
0.829887
0.829997
0.830106
0.830215
0.830325
0.830434
0.830543
0.830651
0.83076
0.830869
0.830977
0.831086
0.831194
0.831302
0.83141
0.831518
0.831626
0.831734
0.831842
0.831949
0.832057
0.832164
0.832271
0.832378
0.832485
0.832592
0.832699
0.832806
0.832912
0.833019
0.833125
0.833231
0.833338
0.833444
0.83355
0.833655
0.833761
0.833867
0.833972
0.834078
0.834183
0.834288
0.834393
0.834498
0.834603
0.834708
0.834812
0.834917
0.835021
0.835125
0.83523
0.835334
0.835438
0.835541
0.835645
0.835749
0.835852
0.835956
0.836059
0.836162
0.836265
0.836368
0.836471
0.836574
0.836677
0.836779
0.836882
0.836984
0.837086
0.837188
0.83729
0.837392
0.837494
0.837596
0.837697
0.837799
0.8379
0.838001
0.838102
0.838203
0.838304
0.838405
0.838506
0.838607
0.838707
0.838807
0.838908
0.839008
0.839108
0.839208
0.839308
0.839407
0.839507
0.839607
0.839706
0.839805
0.839904
0.840003
0.840102
0.840201
0.8403
0.840399
0.840497
0.840596
0.840694
0.840792
0.84089
0.840988
0.841086
0.841184
0.841282
0.841379
0.841477
0.841574
0.841671
0.841768
0.841865
0.841962
0.842059
0.842156
0.842252
0.842349
0.842445
0.842541
0.842638
0.842734
0.84283
0.842925
0.843021
0.843117
0.843212
0.843308
0.843403
0.843498
0.843593
0.843688
0.843783
0.843878
0.843972
0.844067
0.844161
0.844256
0.84435
0.844444
0.844538
0.844632
0.844726
0.844819
0.844913
0.845006
0.8451
0.845193
0.845286
0.845379
0.845472
0.845565
0.845657
0.84575
0.845842
0.845935
0.846027
0.846119
0.846211
0.846303
0.846395
0.846487
0.846578
0.84667
0.846761
0.846853
0.846944
0.847035
0.847126
0.847217
0.847307
0.847398
0.847489
0.847579
0.847669
0.84776
0.84785
0.84794
0.84803
0.848119
0.848209
0.848299
0.848388
0.848477
0.848567
0.848656
0.848745
0.848834
0.848923
0.849011
0.8491
0.849188
0.849277
0.849365
0.849453
0.849541
0.849629
0.849717
0.849805
0.849893
0.84998
0.850067
0.850155
0.850242
0.850329
0.850416
0.850503
0.85059
0.850676
0.850763
0.850849
0.850936
0.851022
0.851108
0.851194
0.85128
0.851366
0.851452
0.851537
0.851623
0.851708
0.851793
0.851879
0.851964
0.852049
0.852134
0.852218
0.852303
0.852387
0.852472
0.852556
0.85264
0.852724
0.852808
0.852892
0.852976
0.85306
0.853143
0.853227
0.85331
0.853393
0.853477
0.85356
0.853643
0.853725
0.853808
0.853891
0.853973
0.854056
0.854138
0.85422
0.854302
0.854384
0.854466
0.854548
0.854629
0.854711
0.854792
0.854874
0.854955
0.855036
0.855117
0.855198
0.855279
0.85536
0.85544
0.855521
0.855601
0.855681
0.855761
0.855841
0.855921
0.856001
0.856081
0.856161
0.85624
0.85632
0.856399
0.856478
0.856557
0.856636
0.856715
0.856794
0.856873
0.856951
0.85703
0.857108
0.857186
0.857264
0.857342
0.85742
0.857498
0.857576
0.857654
0.857731
0.857808
0.857886
0.857963
0.85804
0.858117
0.858194
0.858271
0.858347
0.858424
0.8585
0.858577
0.858653
0.858729
0.858805
0.858881
0.858957
0.859033
0.859108
0.859184
0.859259
0.859334
0.85941
0.859485
0.85956
0.859635
0.859709
0.859784
0.859859
0.859933
0.860007
0.860082
0.860156
0.86023
0.860304
0.860377
0.860451
0.860525
0.860598
0.860672
0.860745
0.860818
0.860891
0.860964
0.861037
0.86111
0.861183
0.861255
0.861328
0.8614
0.861472
0.861544
0.861616
0.861688
0.86176
0.861832
0.861903
0.861975
0.862046
0.862118
0.862189
0.86226
0.862331
0.862402
0.862473
0.862543
0.862614
0.862684
0.862755
0.862825
0.862895
0.862965
0.863035
0.863105
0.863175
0.863244
0.863314
0.863383
0.863453
0.863522
0.863591
0.86366
0.863729
0.863798
0.863866
0.863935
0.864003
0.864072
0.86414
0.864208
0.864276
0.864344
0.864412
0.86448
0.864548
0.864615
0.864683
0.86475
0.864817
0.864884
0.864951
0.865018
0.865085
0.865152
0.865218
0.865285
0.865351
0.865418
0.865484
0.86555
0.865616
0.865682
0.865748
0.865813
0.865879
0.865944
0.86601
0.866075
0.86614
0.866205
0.86627
0.866335
0.8664
0.866464
0.866529
0.866593
0.866658
0.866722
0.866786
